# DATE: 2023-05-23  UNITS: lj  CONTRIBUTOR: Axel...
# ljramplike

tabela_potencia
N 1000

1 0.8 120.484729318006 1521.121126604398
2 0.8052052052052052 111.00343997762539 1401.894583708571
3 0.8104104104104105 102.31886749094691 1292.4711491086275
4 0.8156156156156157 94.36082466096858 1191.9965801651167
5 0.8208208208208209 87.0656432451588 1099.6955348358797
6 0.826026026026026 80.37553512535588 1014.8638639390156
7 0.8312312312312313 74.23801942192046 936.8616975794931
8 0.8364364364364365 68.60540839820082 865.1072396838938
9 0.8416416416416417 63.43434581498943 799.0711943676839
10 0.8468468468468469 58.68539211149008 738.2717564765893
11 0.8520520520520521 54.322651421390745 682.2701062423615
12 0.8572572572572573 50.3134359904229 630.6663546993248
13 0.8624624624624625 46.62796405436435 583.0958924306038
14 0.8676676676676677 43.23908767180317 539.2260994479082
15 0.872872872872873 40.12204739102267 498.75337863902837
16 0.8780780780780781 37.254250971188604 461.40047931602095
17 0.8832832832832833 34.61507367990417 426.91408102791854
18 0.8884884884884885 32.18567795679603 395.0626110205457
19 0.8936936936936938 29.948850470163926 365.6342715814223
20 0.898898898898899 27.88885480443487 338.4352560426446
21 0.9041041041041041 25.991298203334587 313.2881344666012
22 0.9093093093093093 24.24301096006783 290.0303920413581
23 0.9145145145145146 22.631937193793227 268.5131049934847
24 0.9197197197197198 21.14703588341485 248.59974041155255
25 0.924924924924925 19.778191147045636 230.16506778578352
26 0.9301301301301301 18.51613086008153 213.09417132826798
27 0.9353353353353354 17.35235279809667 197.28155326105036
28 0.9405405405405406 16.279057574011112 182.63031926162927
29 0.9457457457457458 15.289087713318786 169.05143815054706
30 0.9509509509509511 14.375872277586929 156.463068705687
31 0.9561561561561562 13.533376505830951 144.78994720325943
32 0.9613613613613614 12.756055996503719 133.96282992552216
33 0.9665665665665666 12.038815000408817 123.9179854483975
34 0.9717717717717718 11.376968437456295 114.59673203555373
35 0.976976976976977 10.76620728837068 105.94501592575753
36 0.9821821821821822 10.20256704671122 97.91302671310916
37 0.9873873873873874 9.682398947297475 90.45484639023985
38 0.9925925925925927 9.202343714728574 83.52812895724499
39 0.9977977977977979 8.75930760047239 77.09380779801735
40 1.003003003003003 8.350440499284229 71.11582829438147
41 1.0082082082082082 7.973115955753271 65.56090339013332
42 1.0134134134134134 7.624912889808055 60.39829003463682
43 1.0186186186186186 7.303598886247513 55.599584631523626
44 1.023823823823824 7.007114907989055 51.138535794535606
45 1.0290290290290292 6.733561305907047 46.99087287165774
46 1.0342342342342343 6.481185010021479 43.13414884218901
47 1.0394394394394395 6.248367797521497 39.547596320897036
48 1.0446446446446447 6.033615542789559 36.211995520322965
49 1.0498498498498499 5.835548363335487 33.109553127919604
50 1.055055055055055 5.652891583450599 30.22379115016484
51 1.0602602602602604 5.484467444534901 27.539444862110084
52 1.0654654654654654 5.329187497511041 25.042369078914145
53 1.0706706706706708 5.186045618585207 22.71945203659617
54 1.075875875875876 5.054111594908784 20.558536233256646
55 1.0810810810810811 4.932525231488999 18.54834564000183
56 1.0862862862862863 4.82049093504237 16.678418743385734
57 1.0914914914914915 4.717272734424194 14.939046928851806
58 1.0966966966966967 4.622189700840925 13.321217757915084
59 1.1019019019019018 4.534611734295263 11.81656273108834
60 1.1071071071071072 4.453955685658068 10.417309164213075
61 1.1123123123123124 4.37968178643556 9.116235838253278
62 1.1175175175175176 4.311290360730343 7.9066321120556875
63 1.1227227227227228 4.248318796104252 6.782260214359965
64 1.127927927927928 4.190338752060184 5.737320455703012
65 1.1331331331331331 4.13695358668851 4.766419123034783
66 1.1383383383383383 4.087795983687788 3.8645388400535445
67 1.1435435435435437 4.042525763485113 3.027011194659401
68 1.1487487487487489 4.000827863562187 2.249491451687134
69 1.153953953953954 3.9624104743514827 1.527935184358585
70 1.1591591591591592 3.927003318214396 0.8585766718351837
71 1.1643643643643644 3.894356060059777 0.23790892296635002
72 1.1695695695695696 3.864236839116307 -0.3373348020595306
73 1.1747747747747748 3.836430912243956 -0.8701980898542496
74 1.1799799799799802 3.810739399965958 -1.3635171997664908
75 1.1851851851851851 3.786978127130107 -1.819935716771309
76 1.1903903903903905 3.7649765507728565 -2.2419181223761986
77 1.1955955955955957 3.744576768367633 -2.6317623672032298
78 1.2008008008008009 3.7256326001944577 -2.9916115221367074
79 1.206006006006006 3.7080087400767656 -3.323464578723729
80 1.2112112112112112 3.6915799691966953 -3.629186463840186
81 1.2164164164164164 3.676230428126453 -3.9105173284336043
82 1.2216216216216216 3.6618529426037614 -4.169081165389617
83 1.226826826826827 3.6483483989371104 -4.406393807200423
84 1.2320320320320322 3.6356251652545026 -4.62387035010777
85 1.2372372372372373 3.623598555109952 -4.8228320477184194
86 1.2424424424424425 3.612190330237908 -5.004512713717289
87 1.2476476476476477 3.601328239498686 -5.1700646702081645
88 1.2528528528528529 3.5909455912903576 -5.3205642753683415
89 1.258058058058058 3.5809808569157537 -5.457017061492161
90 1.2632632632632634 3.5713773025891222 -5.580362512098022
91 1.2684684684684684 3.562082647946948 -5.69147850456712
92 1.2736736736736738 3.553048749092829 -5.791185442753294
93 1.278878878878879 3.5442313043584015 -5.880250102136564
94 1.2840840840840841 3.5355895811021165 -5.959389208375823
95 1.2892892892892893 3.5270861619963174 -6.029272768534771
96 1.2944944944944945 3.5186867093715457 -6.090527172799569
97 1.2996996996997 3.510359746295843 -6.143738083165745
98 1.3049049049049048 3.502076453167315 -6.189453124336242
99 1.3101101101101102 3.4938104786905515 -6.228184390933876
100 1.3153153153153154 3.485537764192709 -6.260410784081342
101 1.3205205205205206 3.4772363803135353 -6.2865801894338516
102 1.3257257257257258 3.468886375175998 -6.307111507855895
103 1.330930930930931 3.4604696332108427 -6.322396549109544
104 1.3361361361361364 3.451969743870051 -6.332801798160443
105 1.3413413413413413 3.443371879520873 -6.338670063005241
106 1.3465465465465467 3.4346626818645873 -6.340322012274948
107 1.3517517517517517 3.4258301562724736 -6.3380576102692245
108 1.356956956956957 3.416863573476231 -6.332157456522311
109 1.3621621621621622 3.407753378091334 -6.3228840364889916
110 1.3673673673673674 3.3984911034898726 -6.310482889465259
111 1.3725725725725726 3.389069292574851 -6.295183699420058
112 1.3777777777777778 3.379481424040295 -6.277201314009032
113 1.3829829829829832 3.369721843731808 -6.2567366966659606
114 1.3881881881881881 3.3597857007499967 -6.233977816320121
115 1.3933933933933935 3.349668887964988 -6.209100478966105
116 1.3985985985985987 3.3393679866341452 -6.182269105014717
117 1.4038038038038039 3.3288802148371213 -6.153637456077358
118 1.409009009009009 3.3182033794628696 -6.123349314580558
119 1.4142142142142142 3.307335831502169 -6.091539119370081
120 1.4194194194194196 3.2962764244167193 -6.05833256024407
121 1.4246246246246246 3.2850244753721567 -6.023847134150795
122 1.42982982982983 3.273579729137345 -5.988192665597217
123 1.435035035035035 3.2619423244663364 -5.951471793639105
124 1.4402402402402403 3.2501127627922073 -5.913780427660319
125 1.4454454454454455 3.238091879074127 -5.875208173997667
126 1.4506506506506507 3.225880814650015 -5.835838735327074
127 1.4558558558558559 3.213480991957546 -5.795750284596414
128 1.461061061061061 3.200894090995814 -5.7550158151689565
129 1.4662662662662664 3.1881220274088804 -5.713703468728722
130 1.4714714714714714 3.175166932080643 -5.6718768423942585
131 1.4766766766766768 3.1620311321381935 -5.629595276389933
132 1.481881881881882 3.14871713326788 -5.5869141235332895
133 1.4870870870870871 3.13522760325498 -5.543885001712644
134 1.4922922922922923 3.1215653566639463 -5.500556030450811
135 1.4974974974974975 3.1077333405819894 -5.456972052577841
136 1.502702702702703 3.0937346213539754 -5.4131748419676615
137 1.5079079079079079 3.079572372241647 -5.369203298230416
138 1.5131131131131133 3.065249861944668 -5.325093629193288
139 1.5183183183183184 3.0507704439253254 -5.280879521947844
140 1.5235235235235236 3.0361375464826645 -5.236592303190703
141 1.5287287287287288 3.0213546635255137 -5.192261089536888
142 1.533933933933934 3.006425345997316 -5.147912928440696
143 1.5391391391391394 2.991353193908857 -5.103572930317594
144 1.5443443443443443 2.9761418489379583 -5.0592643924221
145 1.5495495495495497 2.9607949875579793 -5.015008915000566
146 1.5547547547547547 2.94531631465957 -4.970826510204297
147 1.55995995995996 2.9297095576324454 -4.926735704217011
148 1.5651651651651652 2.9139784608762884 -4.882753633021581
149 1.5703703703703704 2.8981267807118956 -4.838896132203535
150 1.5755755755755756 2.8821582806656334 -4.7951778211635085
151 1.5807807807807808 2.8660767271021244 -4.7516121820869435
152 1.5859859859859862 2.8498858851817066 -4.708211633997159
153 1.5911911911911911 2.833589515120824 -4.664987602197236
154 1.5963963963963965 2.817191368734937 -4.621950583386628
155 1.6016016016016017 2.8006951862449547 -4.579110206720524
156 1.6068068068068069 2.784104693329383 -4.536475291062841
157 1.612012012012012 2.767423598405672 -4.494053898668053
158 1.6172172172172172 2.7506555901252554 -4.451853385512218
159 1.6224224224224226 2.73380433506786 -4.409880448479739
160 1.6276276276276276 2.7168734756216413 -4.368141169599448
161 1.632832832832833 2.6998666280365216 -4.326641057511516
162 1.6380380380380382 2.682787380639056 -4.285385086335382
163 1.6432432432432433 2.6656392921978025 -4.244377732098254
164 1.6484484484484485 2.648425890429067 -4.203623006873864
165 1.6536536536536537 2.6311506706333785 -4.163124490771854
166 1.658858858858859 2.613817094453863 -4.1228853619094945
167 1.664064064064064 2.5964285887481715 -4.082908424489283
168 1.6692692692692694 2.578988544566208 -4.043196135098334
169 1.6744744744744744 2.5615003162264096 -4.003750627338425
170 1.6796796796796798 2.5439672204838244 -3.964573734888702
171 1.684884884884885 2.5263925357836836 -3.9256670130970117
172 1.6900900900900901 2.508779501594565 -3.8870317591896955
173 1.6952952952952953 2.4911313178156593 -3.8486690311844307
174 1.7005005005005005 2.473451144253013 -3.8105796655853523
175 1.705705705705706 2.455742100159954 -3.772764293934953
176 1.7109109109109109 2.438007263837254 -3.735223358292698
177 1.7161161161161163 2.4202496722888167 -3.6979571257060186
178 1.7213213213213214 2.402472320929065 -3.660965701735417
179 1.7265265265265266 2.3846781633383394 -3.624249043091571
180 1.7317317317317318 2.366870111062973 -3.587806969438951
181 1.736936936936937 2.34905103345685 -3.5516391744170366
182 1.7421421421421424 2.3312237575615207 -3.5157452359272154
183 1.7473473473473473 2.3133910680221375 -3.4801246257305327
184 1.7525525525525527 2.2955557070366233 -3.44477671839865
185 1.7577577577577577 2.2777203743357144 -3.4097007996580135
186 1.762962962962963 2.2598877271916247 -3.37489607416454
187 1.7681681681681682 2.2420603804532884 -3.3403616727442103
188 1.7733733733733734 2.2242409066062203 -3.3060966591325216
189 1.7785785785785786 2.2064318358552004 -3.2721000362440087
190 1.7837837837837838 2.1886356562281035 -3.2383707520010434
191 1.7889889889889892 2.1708548136993273 -3.2049077047493926
192 1.7941941941941941 2.1530917123313222 -3.171709748286405
193 1.7993993993993995 2.135348714432905 -3.1387756965260776
194 1.8046046046046047 2.1176281407330735 -3.1061043278238873
195 1.8098098098098099 2.0999322705691474 -3.0736943889828092
196 1.815015015015015 2.0822633420881425 -3.0415445989607344
197 1.8202202202202202 2.064623552460359 -3.009653652298237
198 1.8254254254254254 2.0470150581042392 -2.978020222284548
199 1.8306306306306308 2.0294399749216 -2.9466429638784826
200 1.835835835835836 2.0119003785424394 -2.915520516400098
201 1.8410410410410412 1.99439830457853 -2.8846515060078817
202 1.8462462462462463 1.9769357488851123 -2.8540345479754192
203 1.8514514514514515 1.9595146678300175 -2.8236682487806135
204 1.8566566566566567 1.9421369785696045 -2.79355120801978
205 1.8618618618618619 1.9248045593309473 -2.763682020158162
206 1.867067067067067 1.9075192496997455 -2.7340592761277565
207 1.8722722722722724 1.8902828509134555 -2.7046815647826574
208 1.8774774774774776 1.873097126159205 -2.6755474742215126
209 1.8826826826826828 1.8559638008760404 -2.6466555929861215
210 1.887887887887888 1.8388845630611494 -2.618004511144637
211 1.8930930930930931 1.8218610635796557 -2.5895928212673565
212 1.8982982982982983 1.8048949164776802 -2.561419119302543
213 1.9035035035035035 1.7879876992983288 -2.5334820053593425
214 1.9087087087087087 1.7711409534003413 -2.505780084404356
215 1.913913913913914 1.7543561842791005 -2.4783119668780804
216 1.9191191191191193 1.737634861889784 -2.451076269237033
217 1.9243243243243244 1.720978420972398 -2.424071614427002
218 1.9295295295295296 1.7043882613784935 -2.397296632292554
219 1.9347347347347348 1.6878657483993686 -2.370749959927613
220 1.93993993993994 1.6714122130955513 -2.3444302419715934
221 1.9451451451451451 1.655028952627419 -2.318336130855336
222 1.9503503503503503 1.6387172305867683 -2.292466287000804
223 1.9555555555555557 1.6224782773292117 -2.2668193789782443
224 1.960760760760761 1.6063132903072457 -2.2413940836243187
225 1.965965965965966 1.5902234344038675 -2.216189086124433
226 1.9711711711711712 1.5742098422666349 -2.191203080062343
227 1.9763763763763764 1.5582736146420453 -2.1664347674398954
228 1.9815815815815816 1.54241582071013 -2.141882858669561
229 1.9867867867867868 1.526637498419189 -2.1175460725422797
230 1.9919919919919922 1.5109396548205551 -2.0934231361729445
231 1.9971971971971973 1.4953232664033194 -2.069512784925726
232 2.0024024024024025 1.4797892794289327 -2.0458137623212576
233 2.007607607607608 1.464338610265629 -2.0223248199276083
234 2.012812812812813 1.4489721457225768 -1.9990447172368175
235 2.018018018018018 1.4336907433837198 -1.9759722215286268
236 2.0232232232232232 1.4184952319412378 -1.9531061077229994
237 2.0284284284284286 1.4033864115285757 -1.9304451582228248
238 2.0336336336336336 1.3883650540529924 -1.9079881627481656
239 2.038838838838839 1.3734319035275602 -1.8857339181632862
240 2.0440440440440444 1.3585876764026152 -1.8636812282976312
241 2.0492492492492493 1.3438330618965602 -1.8418289037618103
242 2.0544544544544543 1.3291687223260118 -1.820175761759586
243 2.0596596596596597 1.3145952934352527 -1.7987206258967974
244 2.064864864864865 1.3001133847249462 -1.7774623259880673
245 2.07007007007007 1.2857235797800612 -1.7563996978620664
246 2.0752752752752754 1.271426436597002 -1.7355315831660647
247 2.080480480480481 1.2572224879098979 -1.7148568291704605
248 2.085685685685686 1.2431122415160099 -1.6943742885738695
249 2.0908908908908908 1.229096180600249 -1.6740828193093438
250 2.096096096096096 1.2151747640587427 -1.6539812843522572
251 2.1013013013013015 1.201348426821464 -1.6340685515303064
252 2.1065065065065065 1.187617580173854 -1.614343493336062
253 2.1117117117117115 1.1739826120774355 -1.5948049867424556
254 2.1169169169169173 1.1604438874893832 -1.575451913021569
255 2.1221221221221223 1.1470017486810293 -1.55628315756704
256 2.127327327327327 1.1336565155552665 -1.5372976097203392
257 2.1325325325325326 1.1204084859628405 -1.5184941626012274
258 2.137737737737738 1.1072579360174994 -1.4998717129425847
259 2.142942942942943 1.0942051204099692 -1.4814291609298098
260 2.148148148148148 1.08125027272073 -1.4631654100449814
261 2.1533533533533538 1.0683936057315968 -1.4450793669159292
262 2.1585585585585587 1.0556353117360495 -1.4271699411703511
263 2.1637637637637637 1.042975562848281 -1.4094360452950498
264 2.168968968968969 1.03041451131099 -1.391876594500444
265 2.1741741741741745 1.0179522898018387 -1.3744905065903774
266 2.1793793793793794 1.0055890117385915 -1.3572767018372982
267 2.1845845845845844 0.993324771582876 -1.3402341028628533
268 2.1897897897897898 0.9811596451425929 -1.3233616345239276
269 2.194994994994995 0.9690936898728951 -1.306658223804141
270 2.2002002002002 0.9571269451757585 -1.2901227997107982
271 2.2054054054054055 0.9452594326980902 -1.2737542931772867
272 2.210610610610611 0.9334911566283755 -1.2575516369709185
273 2.215815815815816 0.9218221039918252 -1.2415137656061626
274 2.221021021021021 0.910252244944 -1.2256396152632385
275 2.2262262262262262 0.898781533062907 -1.2099281237120396
276 2.2314314314314316 0.8874099056395222 -1.1943782302413108
277 2.2366366366366366 0.8761372839667354 -1.1789888755930353
278 2.241841841841842 0.8649635736266769 -1.1637590019019433
279 2.2470470470470474 0.8538886647764287 -1.1486875526401081
280 2.2522522522522523 0.8429124324320745 -1.1337734725665065
281 2.2574574574574573 0.8320347367510742 -1.119015707681486
282 2.2626626626626627 0.8212554233129483 -1.1044132051860498
283 2.267867867867868 0.8105743233982434 -1.089964913445868
284 2.273073073073073 0.7999912542657526 -1.0756697819599097
285 2.2782782782782784 0.7895060194279807 -1.0615267613336055
286 2.283483483483484 0.7791184089248283 -1.04753480325645
287 2.288688688688689 0.7688281995954694 -1.0336928604839235
288 2.2938938938938938 0.7586351553484009 -1.019999886823634
289 2.299099099099099 0.7485390274296552 -1.00645483712558
290 2.3043043043043046 0.738539554689148 -0.9930566672764184
291 2.3095095095095095 0.7286364638451327 -0.9798043341976308
292 2.314714714714715 0.7188294697467525 -0.9666967958474642
293 2.3199199199199203 0.7091182756346723 -0.9537330112265675
294 2.3251251251251253 0.6995025733997617 -0.9409119403871733
295 2.33033033033033 0.6899820438398137 -0.9282325444457344
296 2.3355355355355356 0.6805563569142802 -0.9156937855989018
297 2.340740740740741 0.6712251719970171 -0.9032946271427252
298 2.345945945945946 0.6619881381269942 -0.8910340334949658
299 2.351151151151151 0.6528448942569764 -0.8789109702204054
300 2.3563563563563568 0.643795069500154 -0.8669244040590487
301 2.3615615615615617 0.6348382833746994 -0.8550733029571105
302 2.3667667667667667 0.625974146046226 -0.8433566361006457
303 2.371971971971972 0.6172022585681558 -0.8317733739517612
304 2.3771771771771775 0.6085222131199634 -0.8203224882872662
305 2.3823823823823824 0.5999335932432782 -0.8090029522396611
306 2.3875875875875874 0.5914359740758387 -0.79781374034036
307 2.3927927927927928 0.5830289225832835 -0.7867538285650456
308 2.397997997997998 0.5747119977887629 -0.7758221943810508
309 2.403203203203203 0.5664847510003483 -0.7650178167966506
310 2.4084084084084085 0.5583467260362432 -0.7543396764121821
311 2.413613613613614 0.5502974594477728 -0.7437867554728848
312 2.418818818818819 0.5423364807401356 -0.7333580379233583
313 2.424024024024024 0.5344633125909182 -0.7230525094635433
314 2.4292292292292292 0.526677471066346 -0.7128691576061346
315 2.4344344344344346 0.5189784658352766 -0.7028069717353305
316 2.4396396396396396 0.5113658003809077 -0.6928649431668201
317 2.444844844844845 0.5038389722101998 -0.683042065208923
318 2.4500500500500504 0.4963974730610043 -0.6733373332247993
319 2.4552552552552553 0.48904078910688664 -0.6637497446956302
320 2.4604604604604603 0.4817684011596283 -0.6542782992846893
321 2.4656656656656657 0.4745797848694146 -0.6449219989022289
322 2.470870870870871 0.4674744109226909 -0.6356798477710867
323 2.476076076076076 0.46045174523767773 -0.6265508524929428
324 2.4812812812812814 0.45351124915754915 -0.6175340221151409
325 2.486486486486487 0.4466523796412605 -0.608628368198008
326 2.491691691691692 0.4398745894520204 -0.599832904882591
327 2.4968968968968968 0.43317732734340575 -0.5911466489587337
328 2.502102102102102 0.4265600382431122 -0.5825686199334358
329 2.5073073073073076 0.42002216343434284 -0.5740978400994174
330 2.5125125125125125 0.4135631407348232 -0.5657333346038196
331 2.517717717717718 0.4071824046734389 -0.5574741315169779
332 2.5229229229229233 0.40087938666451084 -0.5493192619012153
333 2.5281281281281283 0.3946535151796849 -0.5412677598795754
334 2.533333333333333 0.38850421591744627 -0.5333186627044468
335 2.5385385385385386 0.38243091197025947 -0.5254710108260234
336 2.543743743743744 0.37643302398932676 -0.5177238479605358
337 2.548948948948949 0.3705099703469747 -0.5100762211582052
338 2.554154154154154 0.3646611672966566 -0.5025271808708618
339 2.5593593593593598 0.3588860291305883 -0.49507578101918503
340 2.5645645645645647 0.3531839683350122 -0.48772107905951234
341 2.5697697697697697 0.34755439574308117 -0.48046213605015864
342 2.574974974974975 0.34199672068538906 -0.47329801671721966
343 2.5801801801801805 0.33651035113813216 -0.4662277895198031
344 2.5853853853853854 0.33109469386891016 -0.45925052671464306
345 2.5905905905905904 0.3257491545801784 -0.4523653044200632
346 2.595795795795796 0.3204731380503456 -0.4455712026792456
347 2.601001001001001 0.3152660482725346 -0.43886730552277275
348 2.606206206206206 0.31012728859100086 -0.43225270103039387
349 2.6114114114114115 0.30505626183522205 -0.42572648139199454
350 2.616616616616617 0.30005237045166594 -0.41928774296773075
351 2.621821821821822 0.2951150166332411 -0.4129355863472926
352 2.627027027027027 0.2902436024464376 -0.4066691164082718
353 2.6322322322322322 0.285437529956173 -0.400487442373601
354 2.6374374374374376 0.28069620134834417 -0.39438967786804346
355 2.6426426426426426 0.2760190190501 -0.3883749409736955
356 2.647847847847848 0.27140538584783985 -0.3824423542844872
357 2.6530530530530534 0.26685470500295544 -0.3765910449596562
358 2.6582582582582583 0.2623663803653191 -0.37082014477616887
359 2.6634634634634633 0.25793981648453085 -0.3651287901800678
360 2.6686686686686687 0.25357441871894215 -0.35951612233673214
361 2.673873873873874 0.24926959334246068 -0.35398128718002814
362 2.679079079079079 0.24502474764915164 -0.3485234354603303
363 2.6842842842842844 0.2408392900556461 -0.3431417227914011
364 2.68948948948949 0.23671263020137537 -0.3378353096961172
365 2.694694694694695 0.232644179046636 -0.33260336165102095
366 2.6998998998998998 0.2286333489685048 -0.3274450491296882
367 2.705105105105105 0.22467955385461866 -0.32235954764490543
368 2.7103103103103106 0.22078220919483038 -0.31734603778964043
369 2.7155155155155155 0.2169407321707563 -0.3124037052767969
370 2.720720720720721 0.21315454174322962 -0.3075317409777474
371 2.7259259259259263 0.20942305873768094 -0.3027293409596411
372 2.7311311311311313 0.2057457059274524 -0.2979957065214682
373 2.736336336336336 0.2021219081150684 -0.29333004422888775
374 2.7415415415415416 0.198551092211476 -0.2887315659478101
375 2.746746746746747 0.19503268731327383 -0.2841994888767292
376 2.751951951951952 0.19156612477794502 -0.279733035577801
377 2.757157157157157 0.18815083829710788 -0.27533143400667165
378 2.7623623623623628 0.18478626396781045 -0.27099391754104807
379 2.7675675675675677 0.18147184036187963 -0.26671972500801944
380 2.7727727727727727 0.1782070085933405 -0.26250810071011504
381 2.777977977977978 0.1749912123839339 -0.25835829445011826
382 2.7831831831831835 0.17182389812674118 -0.2542695615546274
383 2.7883883883883884 0.1687045149479392 -0.2502411628963654
384 2.7935935935935934 0.16563251476670232 -0.24627236491525056
385 2.7987987987987992 0.16260735235327164 -0.2423624396382229
386 2.804004004004004 0.1596284853852133 -0.23851066469784113
387 2.809209209209209 0.15669537450187546 -0.23471632334964157
388 2.814414414414414 0.15380748335707795 -0.23097870448828195
389 2.81961961961962 0.15096427867003975 -0.2272971026624635
390 2.824824824824825 0.1481652302745774 -0.22367081808864694
391 2.83003003003003 0.14540981116658094 -0.22009915666356256
392 2.8352352352352357 0.14269749754979807 -0.2165814299755297
393 2.8404404404404406 0.14002776887994545 -0.21311695531459462
394 2.8456456456456456 0.1374001079071584 -0.20970505568148595
395 2.8508508508508505 0.13481400071681188 -0.20634505979541096
396 2.8560560560560564 0.13226893676872417 -0.20303630210069482
397 2.8612612612612613 0.12976440893477076 -0.1997781227722767
398 2.8664664664664663 0.12729991353492026 -0.19656986772006918
399 2.871671671671672 0.12487495037172429 -0.19341088859219924
400 2.876876876876877 0.12248902276327371 -0.19030054277714137
401 2.882082082082082 0.12014163757464366 -0.18723819340474568
402 2.887287287287287 0.11783230524785403 -0.18422320934618924
403 2.892492492492493 0.11556053983035755 -0.1812549652128509
404 2.897697697697698 0.11332585900208528 -0.17833284135413
405 2.9029029029029028 0.1111277841010634 -0.17545622385421575
406 2.9081081081081086 0.10896584014762703 -0.17262450452783015
407 2.9133133133133136 0.10683955586725241 -0.16983708091495175
408 2.9185185185185185 0.10474846371202402 -0.1670933562745348
409 2.9237237237237235 0.1026920998807637 -0.16439273957724232
410 2.9289289289289293 0.10067000433783854 -0.16173464549720515
411 2.9341341341341343 0.09868172083067363 -0.1591184944028231
412 2.939339339339339 0.09672679690598156 -0.15654371234661996
413 2.944544544544545 0.09480478392474284 -0.15400973105417382
414 2.94974974974975 0.09291523707594795 -0.15151598791213516
415 2.954954954954955 0.09105771538912459 -0.14906192595534434
416 2.96016016016016 0.08923178174567611 -0.14664699385307245
417 2.9653653653653658 0.08743700288904464 -0.14427064589439548
418 2.9705705705705707 0.0856729494337261 -0.1419323419727206
419 2.9757757757757757 0.08393919587315322 -0.13963154756947765
420 2.9809809809809815 0.08223532058647148 -0.1373677337369965
421 2.9861861861861865 0.08056090584422687 -0.1351403770805851
422 2.9913913913913914 0.07891553781298377 -0.13294895973982018
423 2.9965965965965964 0.07729880655889836 -0.13079296936907475
424 3.0018018018018022 0.07571030605026538 -0.12867189911729277
425 3.007007007007007 0.07414963415905813 -0.12658524760703221
426 3.012212212212212 0.0726163926614828 -0.1245325189127865
427 3.017417417417417 0.0711101872375676 -0.12251322253860936
428 3.022622622622623 0.0696306274698069 -0.1205268733950526
429 3.027827827827828 0.0681773268408805 -0.11857299177543922
430 3.033033033033033 0.06674990273046563 -0.11665110333148102
431 3.0382382382382387 0.06534797641116451 -0.11476073904826567
432 3.0434434434434436 0.06397117304356734 -0.11290143521862504
433 3.0486486486486486 0.06261912167046539 -0.11107273341689988
434 3.0538538538538536 0.06129145521023894 -0.10927418047212215
435 3.0590590590590594 0.05998781044943861 -0.10750532844062718
436 3.0642642642642643 0.05870782803457501 -0.10576573457811525
437 3.0694694694694693 0.057451152463140025 -0.10405496131117423
438 3.074674674674675 0.05621743207387681 -0.102372576208285
439 3.07987987987988 0.05500631903631804 -0.10071815195032369
440 3.085085085085085 0.05381746933960849 -0.09909126630057263
441 3.09029029029029 0.052650542780633386 -0.09749150207426363
442 3.095495495495496 0.05150520295146844 -0.09591844710766277
443 3.100700700700701 0.05038111722617197 -0.09437169422671708
444 3.1059059059059058 0.04927795674693256 -0.09285084121527401
445 3.1111111111111116 0.0481953964095952 -0.09135549078289368
446 3.1163163163163166 0.04713311484858039 -0.08988525053226831
447 3.1215215215215215 0.04609079442121254 -0.08843973292625983
448 3.1267267267267265 0.04506812119147845 -0.08701855525457736
449 3.1319319319319323 0.04406478491322899 -0.08562133960010473
450 3.1371371371371373 0.04308047901284351 -0.08424771280489524
451 3.142342342342342 0.042114900571371336 -0.08289730643584609
452 3.147547547547548 0.04116775030616895 -0.08156975675006944
453 3.152752752752753 0.04023873255204749 -0.08026470465997457
454 3.157957957957958 0.03932755524194657 -0.07898179569807096
455 3.163163163163163 0.038433929887151594 -0.077720679981513
456 3.1683683683683688 0.037557571557068695 -0.0764810121763947
457 3.1735735735735737 0.036698198858573686 -0.07526245146181176
458 3.1787787787787787 0.03585553391494938 -0.07406466149370104
459 3.1839839839839845 0.03502930234442723 -0.07288731036847443
460 3.1891891891891895 0.03421923323834812 -0.07173007058645871
461 3.1943943943943944 0.033425059138955424 -0.07059261901515249
462 3.1995995995995994 0.032646516016836685 -0.06947463685231722
463 3.2048048048048052 0.03188334324802704 -0.06837580958891101
464 3.21001001001001 0.03113528359078945 -0.06729582697188077
465 3.215215215215215 0.030402083162083204 -0.06623438296682159
466 3.22042042042042 0.029683491413737068 -0.06519117572051913
467 3.225625625625626 0.028979261108339375 -0.0641659075233843
468 3.230830830830831 0.028289148294858214 -0.06315828477179367
469 3.236036036036036 0.02761291228400349 -0.062168017930344516
470 3.2412412412412417 0.02695031562334662 -0.06119482149403926
471 3.2464464464464466 0.02630112407220779 -0.06023841395040869
472 3.2516516516516516 0.025665106576324023 -0.05929851774158316
473 3.2568568568568566 0.025042035242310554 -0.05837485922632654
474 3.2620620620620624 0.024431685311927423 -0.05746716864203966
475 3.2672672672672673 0.02383383513616237 -0.05657518006674611
476 3.2724724724724723 0.02324826614914227 -0.055698631381068515
477 3.277677677677678 0.02267476284188441 -0.054837264230207024
478 3.282882882882883 0.022113112735898777 -0.0539908239859294
479 3.288088088088088 0.02156310635665165 -0.05315905970858033
480 3.293293293293293 0.021024537206901877 -0.05234172410912251
481 3.298498498498499 0.02049720173992091 -0.05153857351121595
482 3.303703703703704 0.019980899332605606 -0.05074936781334628
483 3.3089089089089088 0.01947543225849449 -0.04997387045100905
484 3.3141141141141146 0.018980605660698452 -0.04921184835896027
485 3.3193193193193196 0.018496227524753793 -0.04846307193354135
486 3.3245245245245245 0.018022108651408478 -0.04772731499508463
487 3.3297297297297295 0.01755806262935076 -0.04700435475041033
488 3.3349349349349353 0.017103905807888592 -0.04629397175542081
489 3.3401401401401403 0.01665945726959025 -0.04559594987780074
490 3.3453453453453452 0.01622453880289262 -0.044910076259829124
491 3.350550550550551 0.015798974874688485 -0.0442361412813123
492 3.355755755755756 0.015382592602899179 -0.04357393852264424
493 3.360960960960961 0.014975221729041149 -0.042923264727999566
494 3.366166166166166 0.014576694590795261 -0.04228391976866832
495 3.3713713713713718 0.014186846094585896 -0.04165570660653725
496 3.3765765765765767 0.013805513688177699 -0.04103843125772487
497 3.3817817817817817 0.013432537333297113 -0.04043190275637507
498 3.3869869869869875 0.013067759478286829 -0.03983593311861679
499 3.3921921921921925 0.012711025030799242 -0.03925033730669509
500 3.3973973973973974 0.012362181330536235 -0.038674933193277604
501 3.4026026026026024 0.012021078122042145 -0.038109541525944396
502 3.4078078078078082 0.011687567527556262 -0.037553985891864
503 3.413013013013013 0.011361504019931593 -0.03700809268266288
504 3.418218218218218 0.011042744395624892 -0.03647169105949057
505 3.423423423423423 0.010731147747766182 -0.03594461291828798
506 3.428628628628629 0.01042657543931109 -0.035426692855261246
507 3.433833833833834 0.01012889107628395 -0.034917768132567154
508 3.439039039039039 0.009837960481115435 -0.0344176786442123
509 3.4442442442442447 0.009553651666081173 -0.03392626688217244
510 3.4494494494494496 0.009275834806846338 -0.03344337790273432
511 3.4546546546546546 0.009004382216120719 -0.03296885929306361
512 3.4598598598598596 0.00873916831742989 -0.0325025611380038
513 3.4650650650650654 0.008480069619006872 -0.03204433598710821
514 3.4702702702702704 0.008226964687808817 -0.03159403882190938
515 3.4754754754754753 0.007979734123662992 -0.0311515270234276
516 3.480680680680681 0.007738260533546938 -0.03071666033992327
517 3.485885885885886 0.007502428506006293 -0.030289300854894858
518 3.491091091091091 0.007272124585714501 -0.029869312955324946
519 3.496296296296296 0.007047237248178359 -0.029456563300177867
520 3.501501501501502 0.006827656874592893 -0.029050920789150406
521 3.506706706706707 0.006613275726849353 -0.028652256531678806
522 3.5119119119119118 0.0064039879226994775 -0.028260443816202817
523 3.5171171171171176 0.006199689411079382 -0.027875358079690462
524 3.5223223223223226 0.006000277947596682 -0.027496876877424213
525 3.5275275275275275 0.005805653070182841 -0.02712487985305073
526 3.5327327327327325 0.005615716074914905 -0.026759248708895893
527 3.5379379379379383 0.005430369992008343 -0.026399867176546403
528 3.5431431431431433 0.005249519561984196 -0.02604662098770001
529 3.5483483483483482 0.005073071212012907 -0.025699397845284168
530 3.553553553553554 0.004900933032437072 -0.025358087394846077
531 3.558758758758759 0.004733014753475858 -0.02502258119621423
532 3.563963963963964 0.0045692277221125 -0.02469277269543199
533 3.569169169169169 0.004409484879167683 -0.024368557196965047
534 3.5743743743743748 0.004253700736560256 -0.02404983183618286
535 3.5795795795795797 0.004101791354757386 -0.023736495552114923
536 3.5847847847847847 0.0039536743204154935 -0.023428449060481884
537 3.5899899899899905 0.003809268724214101 -0.023125594827002847
538 3.5951951951951955 0.0036684951388837135 -0.022827837040978596
539 3.6004004004004004 0.003531275597429092 -0.0225350815891507
540 3.6056056056056054 0.00339753357154966 -0.02224723602983742
541 3.6108108108108112 0.0032671939502576914 -0.021964209567345905
542 3.616016016016016 0.003140183018695967 -0.021685913026660893
543 3.621221221221221 0.003016428437155231 -0.021412258828409334
544 3.626426426426426 0.0028958592202930774 -0.021143160964101564
545 3.631631631631632 0.0027784057165545595 -0.020878534971647985
546 3.636836836836837 0.0026639995877957325 -0.020618297911151322
547 3.642042042042042 0.0025525737891101785 -0.020362368340973595
548 3.6472472472472477 0.0024440625488597444 -0.0201106662940778
549 3.6524524524524526 0.0023384013489096598 -0.019863113254643485
550 3.6576576576576576 0.0022355269050683014 -0.019619632134955205
551 3.6628628628628626 0.002135377147732321 -0.019380147252563693
552 3.6680680680680684 0.0020378912027370893 -0.019144584307718666
553 3.6732732732732734 0.0019430093724128006 -0.018912870361072486
554 3.6784784784784783 0.0018506731168462147 -0.018684933811653356
555 3.683683683683684 0.001760825035348211 -0.01846070437510772
556 3.688888888888889 0.0016734088481271852 -0.01824011306221049
557 3.694094094094094 0.0015883693781677775 -0.01802309215764172
558 3.699299299299299 0.001505652533315402 -0.017809575199028982
559 3.704504504504505 0.0014252052885658467 -0.017599496956254106
560 3.70970970970971 0.0013469756685599078 -0.017392793411023
561 3.7149149149149148 0.001270912730282528 -0.017189401736696974
562 3.7201201201201206 0.0011969665459663015 -0.016989260278384613
563 3.7253253253253256 0.0011250881861986349 -0.0167923085332928
564 3.7305305305305305 0.00105522970323216 -0.016598487131334626
565 3.7357357357357355 0.0009873441144977444 -0.016407737815993913
566 3.7409409409409413 0.0009213853863196783 -0.016220003425443816
567 3.7461461461461463 0.000857308417832125 -0.016035227873918433
568 3.7513513513513512 0.0007950690250961806 -0.01585335613333541
569 3.756556556556557 0.0007346239254168679 -0.015674334215168364
570 3.761761761761762 0.0006759307218592602 -0.015498109152567123
571 3.766966966966967 0.000618947887962584 -0.015324628982723867
572 3.772172172172172 0.0005636347526518366 -0.015153842729483865
573 3.7773773773773778 0.0005099514853456407 -0.014985700386198723
574 3.7825825825825827 0.00045785908125950143 -0.014820152898820441
575 3.7877877877877877 0.0004073193469034159 -0.014657152149234083
576 3.7929929929929935 0.00035829488577272285 -0.014496650938827762
577 3.7981981981981985 0.0003107490842312625 -0.014338602972297766
578 3.8034034034034034 0.0002646460975854639 -0.014182962841686457
579 3.8086086086086084 0.00021995083634844537 -0.014029686010651925
580 3.8138138138138142 0.0001766289526927787 -0.01387872879896647
581 3.819019019019019 0.00013464682709080468 -0.013730048367242672
582 3.824224224224224 9.39715551410954e-05 -0.013583602701884516
583 3.82942942942943 5.457093457996408e-05 -0.013439350600261774
584 3.834634634634635 1.6413452476632612e-05 -0.013297251656105772
585 3.83983983983984 -2.0531727389353025e-05 -0.01315726624512392
586 3.845045045045045 -5.6294776969652814e-05 -0.013019355510831691
587 3.8502502502502507 -9.090521620909692e-05 -0.012883481350599326
588 3.8554554554554556 -0.00012439192512944588 -0.012749606401911555
589 3.8606606606606606 -0.000156783155736404 -0.012617694028837913
590 3.8658658658658656 -0.0001881065437512612 -0.012487708308711916
591 3.8710710710710714 -0.00021838912016868212 -0.012359614019016621
592 3.8762762762762764 -0.0002476573226420553 -0.012233376624474756
593 3.8814814814814813 -0.00027593700669799174 -0.012108962264340833
594 3.886686686686687 -0.0003032534567813821 -0.011986337739893622
595 3.891891891891892 -0.0003296313971325503 -0.011865470502126592
596 3.897097097097097 -0.00035509500249814334 -0.011746328639633923
597 3.902302302302302 -0.0003796679086771086 -0.011628880866690457
598 3.907507507507508 -0.00040337322290354767 -0.011513096511523022
599 3.912712712712713 -0.00042623353406781844 -0.011398945504771158
600 3.9179179179179178 -0.00044827092277756873 -0.011286398368134876
601 3.9231231231231236 -0.00046950697126032126 -0.011175426203207713
602 3.9283283283283286 -0.0004899627731090675 -0.01106600068049249
603 3.9335335335335335 -0.0005096589428726255 -0.010958094028597744
604 3.9387387387387385 -0.0005286156254922932 -0.010851679023612884
605 3.9439439439439443 -0.0005468525055864215 -0.010746728978659673
606 3.9491491491491493 -0.0005643888165845271 -0.010643217733618104
607 3.9543543543543542 -0.0005812433497126115 -0.010541119645024145
608 3.95955955955956 -0.0005974344628312471 -0.010440409576137847
609 3.964764764764765 -0.000612980089128098 -0.01034106288717912
610 3.96996996996997 -0.0006278977456665428 -0.010243055425729288
611 3.975175175175175 -0.0006422045417919512 -0.010146363517296338
612 3.980380380380381 -0.0006559171873973234 -0.010050963956041728
613 3.9855855855855857 -0.0006690520010498959 -0.00995683399566662
614 3.9907907907907907 -0.000681624917980354 -0.009863951340455427
615 3.9959959959959965 -0.0006936514979362831 -0.009772294136474746
616 4.0012012012012015 -0.0007051469329014829 -0.009681840962925464
617 4.006406406406406 -0.0007161260546827987 -0.009592570823645941
618 4.011611611611611 -0.0007266033423660801 -0.009504463138764487
619 4.016816816816817 -0.0007365929296428711 -0.00941749773649869
620 4.022022022022022 -0.0007461086120094967 -0.0093316548451001
621 4.027227227227227 -0.0007551638538401214 -0.009246915084941597
622 4.032432432432433 -0.0007637717953354148 -0.009163259460746087
623 4.037637637637638 -0.0007719452593484143 -0.00908066935395421
624 4.042842842842843 -0.0007796967580891831 -0.008999126515228972
625 4.048048048048048 -0.0007870384997098824 -0.00891861305709571
626 4.053253253253254 -0.0007939823947718133 -0.008839111446715156
627 4.058458458458459 -0.000800540062596009 -0.008760604498787773
628 4.063663663663664 -0.0008067228374989794 -0.008683075368587336
629 4.068868868868869 -0.0008125417749151596 -0.008606507545122176
630 4.074074074074074 -0.0008180076574075758 -0.008530884844421695
631 4.079279279279279 -0.0008231310005683562 -0.008456191402946841
632 4.084484484484484 -0.0008279220588105617 -0.008382411671122194
633 4.08968968968969 -0.0008323908310528825 -0.008309530406988144
634 4.094894894894895 -0.0008365470662987432 -0.008237532669971263
635 4.1001001001001 -0.0008404002691112899 -0.008166403814770918
636 4.105305305305305 -0.0008439597049858023 -0.008096129485360589
637 4.110510510510511 -0.0008472344056209748 -0.00802669560910186
638 4.115715715715716 -0.0008502331740905951 -0.007958088390969623
639 4.120920920920921 -0.0008529645899170402 -0.007890294307886323
640 4.126126126126127 -0.000855437014048088 -0.007823300103163977
641 4.131331331331332 -0.0008576585937384775 -0.007757092781052066
642 4.1365365365365365 -0.000859637267337637 -0.007691659601389439
643 4.1417417417417415 -0.0008613807689850275 -0.0076269880743589005
644 4.146946946946947 -0.0008628966332145025 -0.00756306595534252
645 4.152152152152152 -0.0008641921994690888 -0.007499881239876324
646 4.157357357357357 -0.0008652746165275586 -0.007437422158702351
647 4.162562562562563 -0.0008661508468442002 -0.007375677172916901
648 4.167767767767768 -0.0008668276708031139 -0.007314634969213148
649 4.172972972972973 -0.0008673116908884248 -0.007254284455216545
650 4.178178178178178 -0.0008676093357716942 -0.007194614754911567
651 4.183383383383384 -0.0008677268643179114 -0.00713561520415821
652 4.188588588588589 -0.0008676703695113539 -0.007077275346296831
653 4.193793793793794 -0.0008674457823025892 -0.007019584927839561
654 4.1989989989989995 -0.0008670588753779539 -0.006962533894247203
655 4.2042042042042045 -0.0008665152668527398 -0.0069061123857898695
656 4.209409409409409 -0.000865820423889372 -0.006850310733489965
657 4.214614614614614 -0.0008649796662418023 -0.006795119455146201
658 4.21981981981982 -0.0008639981697273756 -0.006740529251437136
659 4.225025025025025 -0.0008628809696273668 -0.006686531002102958
660 4.23023023023023 -0.0008616329640173969 -0.006633115762203883
661 4.235435435435436 -0.0008602589170289285 -0.0065802747584542175
662 4.240640640640641 -0.0008587634620430149 -0.006527999385630425
663 4.245845845845846 -0.0008571511048174583 -0.006476281203051995
664 4.251051051051051 -0.0008554262265485345 -0.006425111931133807
665 4.256256256256257 -0.000853593086868428 -0.006374483448008765
666 4.261461461461462 -0.0008516558267794805 -0.006324387786219358
667 4.266666666666667 -0.0008496184715263832 -0.006274817129476847
668 4.271871871871872 -0.0008474849334073963 -0.00622576380948707
669 4.277077077077077 -0.0008452590145256809 -0.006177220302841409
670 4.282282282282282 -0.0008429444094818072 -0.006129179227971879
671 4.287487487487487 -0.000840544708008505 -0.006081633342169043
672 4.292692692692693 -0.0008380633975486847 -0.0060345755386617345
673 4.297897897897898 -0.0008355038657777621 -0.005987998843757324
674 4.303103103103103 -0.0008328694030713005 -0.005941896414041421
675 4.308308308308308 -0.0008301632049189764 -0.005896261533635972
676 4.313513513513514 -0.000827388374285832 -0.005851087611514536
677 4.318718718718719 -0.0008245479239218326 -0.005806368178873838
678 4.323923923923924 -0.000821644778620633 -0.005762096886560294
679 4.32912912912913 -0.0008186817774285503 -0.005718267502550704
680 4.334334334334335 -0.0008156616758046445 -0.00567487390948595
681 4.3395395395395395 -0.0008125871477328418 -0.005631910102256664
682 4.3447447447447445 -0.000809460787786999 -0.005589370185639965
683 4.34994994994995 -0.0008062851131498172 -0.00554724837198621
684 4.355155155155155 -0.0008030625655864671 -0.005505538978954828
685 4.36036036036036 -0.0007997955133738121 -0.0054642364272982046
686 4.365565565565566 -0.0007964862531860731 -0.005423335238692824
687 4.370770770770771 -0.0007931370119377855 -0.005382830033616623
688 4.375975975975976 -0.000789749948584871 -0.005342715529271677
689 4.381181181181181 -0.0007863271558846477 -0.005302986537551346
690 4.386386386386387 -0.0007828706621155869 -0.005263637963051017
691 4.391591591591592 -0.0007793824327576002 -0.005224664801121552
692 4.396796796796797 -0.0007758643721336415 -0.005186062135964531
693 4.4020020020020025 -0.0007723183250133989 -0.005147825138768616
694 4.4072072072072075 -0.0007687460781798252 -0.005109949065886061
695 4.412412412412412 -0.0007651493619592503 -0.005072429257048606
696 4.417617617617617 -0.0007615298517158188 -0.005035261133622012
697 4.422822822822823 -0.0007578891693109597 -0.004998440196898373
698 4.428028028028028 -0.0007542288845286146 -0.0049619620264255496
699 4.433233233233233 -0.0007505505164668993 -0.004925822278372793
700 4.438438438438439 -0.0007468555348969087 -0.004890016683932025
701 4.443643643643644 -0.0007431453615893281 -0.0048545410477539245
702 4.448848848848849 -0.0007394213716095089 -0.004819391246418073
703 4.454054054054054 -0.0007356848945816778 -0.004784563226936584
704 4.45925925925926 -0.0007319372159229068 -0.004750053005290409
705 4.464464464464465 -0.0007281795780474854 -0.004715856664997737
706 4.46966966966967 -0.0007244131815423027 -0.004681970355713683
707 4.4748748748748755 -0.0007206391863138638 -0.004648390291860797
708 4.48008008008008 -0.0007168587127075309 -0.004615112751289611
709 4.485285285285285 -0.0007130728425995737 -0.0045821340739686115
710 4.49049049049049 -0.0007092826204626215 -0.0045494506607031086
711 4.495695695695696 -0.0007054890544050683 -0.004517058971882263
712 4.500900900900901 -0.0007016931171850086 -0.0044849555262538145
713 4.506106106106106 -0.0006978957471992284 -0.004453136899725779
714 4.511311311311311 -0.0006940978494478115 -0.004421599724194664
715 4.516516516516517 -0.0006903002964748787 -0.004390340686399576
716 4.521721721721722 -0.0006865039292859855 -0.004359356526801699
717 4.526926926926927 -0.0006827095582426745 -0.004328644038488527
718 4.532132132132133 -0.0006789179639347052 -0.004298200066102452
719 4.537337337337338 -0.0006751298980304324 -0.004268021504793049
720 4.5425425425425425 -0.0006713460841058277 -0.00423810529919263
721 4.5477477477477475 -0.0006675672184526087 -0.004208448442414525
722 4.552952952952953 -0.0006637939708659505 -0.0041790479750736294
723 4.558158158158158 -0.0006600269854122284 -0.004149900984328716
724 4.563363363363363 -0.000656266881177235 -0.004121004602946008
725 4.568568568568569 -0.0006525142529953233 -0.004092356008383605
726 4.573773773773774 -0.000648769672159896 -0.004063952421896296
727 4.578978978978979 -0.0006450336871156629 -0.004035791107660256
728 4.584184184184184 -0.0006413068241330886 -0.00400786937191726
729 4.58938938938939 -0.0006375895879654264 -0.0039801845621379485
730 4.594594594594595 -0.0006338824624887455 -0.003952734066203729
731 4.5997997997998 -0.0006301859113253356 -0.003925515311606907
732 4.6050050050050055 -0.0006265003784508734 -0.003898525764668632
733 4.6102102102102105 -0.0006228262887857274 -0.0038717629297742853
734 4.6154154154154154 -0.0006191640487707699 -0.0038452243486258946
735 4.62062062062062 -0.0006155140469280482 -0.003818907599511203
736 4.625825825825826 -0.0006118766544066826 -0.0037928102965890487
737 4.631031031031031 -0.0006082522255143248 -0.003766930089190656
738 4.636236236236236 -0.0006046410982345183 -0.0037412646611364765
739 4.641441441441442 -0.0006010435947302999 -0.00371581173006827
740 4.646646646646647 -0.0005974600218343615 -0.0036905690467960704
741 4.651851851851852 -0.0005938906715260891 -0.003665534394659648
742 4.657057057057057 -0.0005903358213957978 -0.003640705588904222
743 4.662262262262263 -0.0005867957350964659 -0.003616080476070055
744 4.667467467467468 -0.0005832706627832657 -0.0035916569333956177
745 4.672672672672673 -0.0005797608415411844 -0.003567432868234014
746 4.6778778778778785 -0.0005762664958010276 -0.003543406217482395
747 4.683083083083083 -0.0005727878377440797 -0.0035195749470240305
748 4.688288288288288 -0.000569325067695699 -0.0034959370511827544
749 4.693493493493493 -0.0005658783745081168 -0.0034724905521895198
750 4.698698698698699 -0.0005624479359327084 -0.0034492334996607853
751 4.703903903903904 -0.0005590339189819862 -0.003426163970088451
752 4.709109109109109 -0.0005556364802815699 -0.0034032800663410558
753 4.714314314314314 -0.0005522557664123874 -0.0033805799171760386
754 4.71951951951952 -0.0005488919142433368 -0.0033580616767627507
755 4.724724724724725 -0.0005455450512546614 -0.003335723524216033
756 4.72992992992993 -0.0005422152958522468 -0.003313563663140009
757 4.735135135135136 -0.0005389027576730894 -0.003291580321181983
758 4.740340340340341 -0.000535607537882147 -0.0032697717495961537
759 4.7455455455455455 -0.0005323297294607825 -0.0032481362228168726
760 4.7507507507507505 -0.0005290694174870226 -0.0032266720380412987
761 4.755955955955956 -0.000525826679407834 -0.0032053775148211997
762 4.761161161161161 -0.0005226015853036217 -0.003184250994663703
763 4.766366366366366 -0.0005193941981451377 -0.0031632908406407285
764 4.771571571571572 -0.0005162045740430105 -0.0031424954370070034
765 4.776776776776777 -0.0005130327624900692 -0.003121863188826375
766 4.781981981981982 -0.0005098788065966527 -0.0031013925216062527
767 4.787187187187187 -0.0005067427433190871 -0.0030810818809400157
768 4.792392392392393 -0.0005036246036815015 -0.0030609297321571474
769 4.797597597597598 -0.000500524412991166 -0.003040934559981005
770 4.802802802802803 -0.0004974421910475003 -0.0030210948681939093
771 4.808008008008008 -0.0004943779523449399 -0.0030014091793095234
772 4.8132132132132135 -0.0004913317062698071 -0.002981876034252271
773 4.8184184184184184 -0.0004883034572913477 -0.002962493992043651
774 4.823623623623623 -0.0004852932051470841 -0.002943261629495265
775 4.828828828828828 -0.00048230094502263953 -0.0029241775409084418
776 4.834034034034034 -0.00047932666772617527 -0.00290524033778027
777 4.839239239239239 -0.0004763703598575888 -0.0028864486485159113
778 4.844444444444444 -0.0004734320039726023 -0.002867801118147011
779 4.84964964964965 -0.0004705115787418888 -0.0028492964080561005
780 4.854854854854855 -0.000467609059105368 -0.0028309331957068664
781 4.86006006006006 -0.0004647244164217878 -0.002812710174380054
782 4.865265265265265 -0.0004618576186137363 -0.0027946260529149924
783 4.870470470470471 -0.0004590086303081985 -0.002776679555456544
784 4.875675675675676 -0.000456177412972779 -0.00275886942120735
785 4.880880880880881 -0.0004533639250477052 -0.0027411944041852523
786 4.886086086086086 -0.00045056812207373663 -0.0027236532729858036
787 4.891291291291291 -0.0004477899568160816 -0.0027062448105497016
788 4.896496496496496 -0.0004450293793844337 -0.0026889678139350465
789 4.901701701701701 -0.00044228633734923715 -0.002671821094094316
790 4.906906906906907 -0.0004395607758542825 -0.0026548034756559385
791 4.912112112112112 -0.0004368526377257368 -0.0026379137967103773
792 4.917317317317317 -0.00043416186357770253 -0.0026211509086005716
793 4.922522522522523 -0.0004314883919144053 -0.002604513675716681
794 4.927727727727728 -0.0004288321592291073 -0.0025880009752950245
795 4.932932932932933 -0.00042619310009982795 -0.002571611697221073
796 4.938138138138138 -0.00042357114728197386 -0.002555344743836462
797 4.943343343343344 -0.0004209662317979563 -0.0025391990297498855
798 4.9485485485485485 -0.0004183782830238856 -0.0025231734816518066
799 4.9537537537537535 -0.00041580722877342156 -0.0025072670381328633
800 4.958958958958958 -0.00041325299537886496 -0.002491478649505919
801 4.964164164164164 -0.0004107155077695656 -0.0024758072776316534
802 4.969369369369369 -0.00040819468954772807 -0.0024602518957476277
803 4.974574574574574 -0.0004056904630616786 -0.0024448114883006892
804 4.97977977977978 -0.00040320274947668185 -0.0024294850507827195
805 4.984984984984985 -0.0004007314688433682 -0.0024142715895695962
806 4.99019019019019 -0.0003982765401638398 -0.0023991701217632873
807 4.995395395395395 -0.0003958378814555275 -0.0023841796750370286
808 5.000600600600601 -0.00039341540981286424 -0.002369299287483519
809 5.005805805805806 -0.0003910090414668348 -0.002354528007466037
810 5.011011011011011 -0.00038861869184246605 -0.0023398648934724237
811 5.0162162162162165 -0.0003862442756143168 -0.0023253090139718547
812 5.0214214214214214 -0.0003838857067600331 -0.0023108594472743857
813 5.026626626626626 -0.00038154289861201413 -0.002296515281393118
814 5.031831831831831 -0.00037921576390725437 -0.0022822756139090077
815 5.037037037037037 -0.0003769042148354143 -0.0022681395518382207
816 5.042242242242242 -0.00037460816308516935 -0.0022541062115019658
817 5.047447447447447 -0.00037232751988889207 -0.0022401747183987747
818 5.052652652652653 -0.0003700621960657138 -0.0022263442070791424
819 5.057857857857858 -0.0003678121020630225 -0.0022126138210225225
820 5.063063063063063 -0.00036557714799643196 -0.002198982712516552
821 5.068268268268268 -0.00036335724368828 -0.0021854500425385255
822 5.073473473473474 -0.0003611522987046949 -0.0021720149806390256
823 5.078678678678679 -0.0003589622223912746 -0.0021586767048276754
824 5.083883883883884 -0.00035678692390741883 -0.002145434401460944
825 5.089089089089089 -0.00035462631225936304 -0.0021322872651320054
826 5.094294294294294 -0.0003524802963319456 -0.0021192344985625556
827 5.099499499499499 -0.00035034878491915105 -0.0021062753124965606
828 5.104704704704704 -0.00034823168675346855 -0.002093408925595898
829 5.10990990990991 -0.0003461289105341015 -0.0020806345643378547
830 5.115115115115115 -0.00034404036495406376 -0.0020679514629144214
831 5.12032032032032 -0.0003419659587261961 -0.0020553588631333423
832 5.125525525525526 -0.00033990560060814047 -0.002042856014320911
833 5.130730730730731 -0.00033785919942630314 -0.0020304421732264422
834 5.135935935935936 -0.00033582666409883615 -0.0020181166039283903
835 5.141141141141141 -0.0003338079036576737 -0.0020058785777420885
836 5.146346346346347 -0.0003318028272696493 -0.0019937273731290665
837 5.1515515515515515 -0.0003298113442567247 -0.0019816622756079027
838 5.1567567567567565 -0.0003278333641153596 -0.001969682577666591
839 5.161961961961962 -0.0003258687965350475 -0.0019577875786763793
840 5.167167167167167 -0.00032391755141605085 -0.0019459765848070653
841 5.172372372372372 -0.0003219795388863528 -0.0019342489089436863
842 5.177577577577577 -0.00032005466931785717 -0.001922603870604597
843 5.182782782782783 -0.0003181428533418619 -0.0019110407958609094
844 5.187987987987988 -0.00031624400186382526 -0.0018995590172572435
845 5.193193193193193 -0.0003143580260774507 -0.0018881578737337684
846 5.198398398398398 -0.00031248483747811515 -0.0018768367105495257
847 5.203603603603604 -0.00031062434787565885 -0.0018655948792069808
848 5.208808808808809 -0.00030877646940656047 -0.0018544317373777894
849 5.214014014014014 -0.00030694111454551714 -0.0018433466488297532
850 5.2192192192192195 -0.0003051181961164493 -0.001832338983354931
851 5.2244244244244245 -0.00030330762730295226 -0.001821408116698902
852 5.229629629629629 -0.00030150932165820917 -0.0018105534304911231
853 5.234834834834834 -0.00029972319311438766 -0.0017997743121763957
854 5.24004004004004 -0.00029794915599153576 -0.0017890701549473868
855 5.245245245245245 -0.0002961871250059955 -0.0017784403576782063
856 5.25045045045045 -0.00029443701527834894 -0.0017678843248589927
857 5.255655655655656 -0.00029269874234091615 -0.0017574014665315207
858 5.260860860860861 -0.00029097222214481927 -0.0017469911982257841
859 5.266066066066066 -0.00028925737106662416 -0.0017366529408975263
860 5.271271271271271 -0.00028755410591458383 -0.0017263861208667406
861 5.276476476476477 -0.0002858623439344864 -0.001716190169757069
862 5.281681681681682 -0.00028418200281513204 -0.0017060645244361247
863 5.286886886886887 -0.00028251300069344495 -0.0016960086269566905
864 5.292092092092092 -0.000280855256159236 -0.0016860219244987829
865 5.297297297297297 -0.000279208688259632 -0.0016761038693125878
866 5.302502502502502 -0.0002775732165031764 -0.0016662539186622046
867 5.307707707707707 -0.00027594876086362133 -0.0016564715347702273
868 5.312912912912913 -0.0002743352417834163 -0.0016467561847631168
869 5.318118118118118 -0.0002727325801769113 -0.0016371073406173814
870 5.323323323323323 -0.0002711406974332746 -0.0016275244791064869
871 5.328528528528529 -0.0002695595154191489 -0.0016180070817485665
872 5.333733733733734 -0.00026798895648104615 -0.0016085546347548543
873 5.338938938938939 -0.0002664289434474937 -0.0015991666289788336
874 5.344144144144144 -0.0002648793996309432 -0.0015898425598661215
875 5.34934934934935 -0.0002633402488294491 -0.0015805819274050397
876 5.3545545545545545 -0.00026181141532812777 -0.0015713842360778809
877 5.3597597597597595 -0.000260292823900402 -0.001562248994812834
878 5.364964964964965 -0.0002587843998090446 -0.0015531757169365858
879 5.37017017017017 -0.0002572860688070265 -0.001544163920127574
880 5.375375375375375 -0.0002557977571381738 -0.0015352131263698528
881 5.38058058058058 -0.0002543193915376485 -0.0015263228619076107
882 5.385785785785786 -0.0002528508992322551 -0.001517492657200288
883 5.390990990990991 -0.00025139220794058106 -0.0015087220468783023
884 5.396196196196196 -0.0002499432458729785 -0.001500010569699357
885 5.401401401401401 -0.00024850394173139443 -0.001491357768505344
886 5.406606606606607 -0.0002470742247090542 -0.0014827631901797983
887 5.411811811811812 -0.000245654024490007 -0.0014742263856059395
888 5.417017017017017 -0.00024424327124853465 -0.0014657469096252267
889 5.4222222222222225 -0.00024284189564843578 -0.0014573243209964899
890 5.4274274274274275 -0.0002414498288421873 -0.0014489581823555748
891 5.432632632632632 -0.0002400670024699862 -0.0014406480601755025
892 5.437837837837837 -0.00023869334865868352 -0.0014323935247271572
893 5.443043043043043 -0.0002373288000206088 -0.0014241941500404648
894 5.448248248248248 -0.00023597328965229607 -0.0014160495138660827
895 5.453453453453453 -0.0002346267511331086 -0.0014079591976375503
896 5.458658658658659 -0.0002332891185237751 -0.0013999227864339415
897 5.463863863863864 -0.0002319603263648365 -0.0013919398689429784
898 5.469069069069069 -0.0002306403096750079 -0.0013840100374246011
899 5.474274274274274 -0.0002293290039494624 -0.001376132887675002
900 5.47947947947948 -0.00022802634515803886 -0.0013683080189911012
901 5.484684684684685 -0.000226732269743377 -0.001360535034135461
902 5.48988988988989 -0.00022544671461898519 -0.0013528135393016361
903 5.495095095095095 -0.000224169617167242 -0.0013451431440799392
904 5.5003003003003 -0.00022290091523733942 -0.0013375234614236438
905 5.505505505505505 -0.00022164054714316462 -0.0013299541076155742
906 5.51071071071071 -0.00022038845166112893 -0.0013224347022351172
907 5.515915915915916 -0.00021914456802794497 -0.0013149648681256266
908 5.521121121121121 -0.0002179088359383554 -0.0013075442313622227
909 5.526326326326326 -0.00021668119554281293 -0.001300172421219963
910 5.531531531531532 -0.0002154615874451216 -0.001292849070142416
911 5.536736736736737 -0.0002142499527000343 -0.0012855738137105912
912 5.541941941941942 -0.0002130462328108125 -0.0012783462906122357
913 5.547147147147147 -0.0002118503697267522 -0.0012711661426115064
914 5.552352352352353 -0.0002106623058406752 -0.0012640330145189866
915 5.5575575575575575 -0.00020948198398639006 -0.0012569465541620581
916 5.5627627627627625 -0.00020830934743612393 -0.0012499064123556172
917 5.567967967967968 -0.00020714433989792784 -0.0012429122428731303
918 5.573173173173173 -0.00020598690551305884 -0.0012359637024180329
919 5.578378378378378 -0.0002048369888533362 -0.0012290604505954407
920 5.583583583583583 -0.00020369453491848012 -0.0012222021498842033
921 5.588788788788789 -0.00020255948913342996 -0.0012153884656092707
922 5.593993993993994 -0.0002014317973456461 -0.001208619065914381
923 5.599199199199199 -0.00020031140582239368 -0.0012018936217350405
924 5.604404404404404 -0.00019919826124801626 -0.0011952118067718397
925 5.60960960960961 -0.00019809231072119357 -0.0011885732974640435
926 5.614814814814815 -0.00019699350175219057 -0.0011819777729634977
927 5.62002002002002 -0.00019590178226009503 -0.0011754249151088162
928 5.6252252252252255 -0.00019481710057004878 -0.0011689144083998667
929 5.6304304304304305 -0.00019373940541047048 -0.0011624459399725347
930 5.635635635635635 -0.00019266864591027387 -0.0011560191995737732
931 5.64084084084084 -0.00019160477159608 -0.0011496338795369222
932 5.646046046046046 -0.0001905477323894277 -0.0011432896747573082
933 5.651251251251251 -0.00018949747860398178 -0.0011369862826681146
934 5.656456456456456 -0.0001884539609427378 -0.0011307234032165042
935 5.661661661661662 -0.0001874171304952294 -0.0011245007388400192
936 5.666866866866867 -0.00018638693873473502 -0.0011183179944432322
937 5.672072072072072 -0.00018536333751548577 -0.0011121748773746467
938 5.677277277277277 -0.00018434627906987731 -0.001106071097403861
939 5.682482482482483 -0.00018333571600568347 -0.001100006366698965
940 5.687687687687688 -0.0001823316013032762 -0.0010939803998042006
941 5.692892892892893 -0.00018133388831284745 -0.0010879929136178384
942 5.698098098098098 -0.00018034253075163955 -0.0010820436273703145
943 5.703303303303303 -0.00017935748270118035 -0.00107613226260259
944 5.708508508508508 -0.00017837869860452607 -0.0010702585431447461
945 5.713713713713713 -0.00017740613326351133 -0.0010644221950948049
946 5.718918918918919 -0.0001764397418360076 -0.0010586229467977768
947 5.724124124124124 -0.0001754794798331911 -0.0010528605288249362
948 5.729329329329329 -0.00017452530311681878 -0.0010471346739533056
949 5.734534534534535 -0.00017357716789651473 -0.0010414451171453613
950 5.73973973973974 -0.00017263503072706895 -0.001035791595528967
951 5.744944944944945 -0.00017169884850574223 -0.0010301738483774866
952 5.75015015015015 -0.00017076857846958754 -0.0010245916170901403
953 5.755355355355356 -0.00016984417819277975 -0.001019044645172544
954 5.7605605605605605 -0.0001689256055839586 -0.0010135326782174617
955 5.7657657657657655 -0.000168012818883584 -0.0010080554638857537
956 5.770970970970971 -0.00016710577666130376 -0.0010026127518875257
957 5.776176176176176 -0.00016620443781333535 -0.0009972042939634758
958 5.781381381381381 -0.00016530876155986004 -0.0009918298438664286
959 5.786586586586586 -0.00016441870744243097 -0.000986489157343062
960 5.791791791791792 -0.00016353423532139617 -0.0009811819921158294
961 5.796996996996997 -0.00016265530537333507 -0.0009759081078650599
962 5.802202202202202 -0.000161781878088509 -0.0009706672662112435
963 5.807407407407408 -0.00016091391426832706 -0.0009654592306974993
964 5.812612612612613 -0.00016005137502282776 -0.0009602837667722272
965 5.817817817817818 -0.00015919422176817385 -0.0009551406417719276
966 5.823023023023023 -0.00015834241622416373 -0.0009500296249042039
967 5.8282282282282285 -0.00015749592041175837 -0.0009449504872309352
968 5.8334334334334335 -0.00015665469665062344 -0.0009399030016516205
969 5.838638638638638 -0.00015581870755668715 -0.0009348869428868892
970 5.843843843843843 -0.0001549879160397141 -0.0009299020874621812
971 5.849049049049049 -0.0001541622853008953 -0.0009249482136915907
972 5.854254254254254 -0.00015334177883045443 -0.0009200251016618761
973 5.859459459459459 -0.00015252636040526926 -0.0009151325332166205
974 5.864664664664665 -0.00015171599408651107 -0.0009102702919405679
975 5.86986986986987 -0.00015091064421729884 -0.0009054381631440989
976 5.875075075075075 -0.0001501102754203709 -0.0009006359338478752
977 5.88028028028028 -0.00014931485259577214 -0.0008958633927676293
978 5.885485485485486 -0.00014852434091855904 -0.0008911203302991106
979 5.890690690690691 -0.00014773870583652 -0.0008864065385031792
980 5.895895895895896 -0.0001469579130679132 -0.0008817218110910499
981 5.901101101101101 -0.00014618192859921998 -0.0008770659434096783
982 5.906306306306306 -0.00014541071868291646 -0.000872438732427298
983 5.911511511511511 -0.00014464424983526037 -0.0008678399767190959
984 5.916716716716716 -0.00014388248883409496 -0.0008632694764530307
985 5.921921921921922 -0.0001431254027166701 -0.0008587270333757921
986 5.927127127127127 -0.00014237295877747973 -0.0008542124507989005
987 5.932332332332332 -0.00014162512456611482 -0.0008497255335849327
988 5.937537537537538 -0.00014088186788513508 -0.0008452660881339
989 5.942742742742743 -0.0001401431567879555 -0.0008408339223697446
990 5.947947947947948 -0.00013940895957675046 -0.0008364288457269789
991 5.953153153153153 -0.00013867924480037312 -0.0008320506691374445
992 5.958358358358359 -0.0001379539812522929 -0.0008276992050172134
993 5.9635635635635635 -0.00013723313796854873 -0.0008233742672536088
994 5.9687687687687685 -0.00013651668422571747 -0.0008190756711923502
995 5.973973973973974 -0.00013580458953890088 -0.0008148032336248321
996 5.979179179179179 -0.0001350968236597275 -0.0008105567727755203
997 5.984384384384384 -0.0001343933565743702 -0.0008063361082894675
998 5.989589589589589 -0.00013369415850158172 -0.0008021410612199604
999 5.994794794794795 -0.00013299919989074455 -0.0007979714540162741
1000 6.0 -0.00013230845141993814 -0.000793827110511555
