# Time-averaged data for fix 9
# TimeStep c_msd[4]
100 0.0111688
200 0.0846053
300 0.213361
400 0.347689
500 0.472603
600 0.593334
700 0.71263
800 0.836299
900 0.9572
1000 1.06925
1100 1.18726
1200 1.31914
1300 1.46453
1400 1.61845
1500 1.76873
1600 1.91774
1700 2.07211
1800 2.22545
1900 2.38151
2000 2.54394
2100 2.71004
2200 2.88024
2300 3.04129
2400 3.19656
2500 3.34629
2600 3.49446
2700 3.64755
2800 3.80759
2900 3.97829
3000 4.15502
3100 4.32126
3200 4.4791
3300 4.64121
3400 4.80885
3500 4.97589
3600 5.14989
3700 5.33494
3800 5.52965
3900 5.72302
4000 5.89808
4100 6.05525
4200 6.21012
4300 6.38707
4400 6.57965
4500 6.76529
4600 6.94523
4700 7.11871
4800 7.29404
4900 7.47252
5000 7.65802
5100 7.8502
5200 8.04616
5300 8.24151
5400 8.44571
5500 8.67288
5600 8.92083
5700 9.17423
5800 9.42221
5900 9.65799
6000 9.90421
6100 10.1631
6200 10.4199
6300 10.6386
6400 10.8175
6500 10.9845
6600 11.1678
6700 11.3641
6800 11.5558
6900 11.7275
7000 11.881
7100 12.0459
7200 12.2451
7300 12.4692
7400 12.6991
7500 12.9238
7600 13.1229
7700 13.2842
7800 13.4416
7900 13.6206
8000 13.8255
8100 14.0466
8200 14.2647
8300 14.4521
8400 14.587
8500 14.6784
8600 14.763
8700 14.8818
8800 15.0439
8900 15.2207
9000 15.3913
9100 15.5454
9200 15.6817
9300 15.8051
9400 15.9268
9500 16.0447
9600 16.1586
9700 16.2832
9800 16.424
9900 16.5787
10000 16.7541
10100 16.9592
10200 17.1981
10300 17.4441
10400 17.6671
10500 17.8709
10600 18.0628
10700 18.2445
10800 18.424
10900 18.6276
11000 18.8598
11100 19.1002
11200 19.3394
11300 19.5684
11400 19.765
11500 19.935
11600 20.106
11700 20.286
11800 20.4579
11900 20.6184
12000 20.7623
12100 20.8846
12200 21.0001
12300 21.1225
12400 21.2597
12500 21.3947
12600 21.5011
12700 21.6062
12800 21.7417
12900 21.9004
13000 22.0731
13100 22.2453
13200 22.3998
13300 22.5394
13400 22.687
13500 22.8269
13600 22.9212
13700 22.9736
13800 23.0318
13900 23.1564
14000 23.3266
14100 23.5004
14200 23.6482
14300 23.7781
14400 23.9158
14500 24.0788
14600 24.2692
14700 24.4603
14800 24.634
14900 24.7942
15000 24.9497
15100 25.1
15200 25.2378
15300 25.3786
15400 25.5415
15500 25.7471
15600 25.9951
15700 26.2454
15800 26.4376
15900 26.5604
16000 26.6658
16100 26.807
16200 26.9868
16300 27.1618
16400 27.3161
16500 27.4481
16600 27.5577
16700 27.6398
16800 27.7041
16900 27.7885
17000 27.9341
17100 28.1137
17200 28.2547
17300 28.3266
17400 28.356
17500 28.4086
17600 28.5252
17700 28.691
17800 28.8768
17900 29.0529
18000 29.1896
18100 29.3005
18200 29.4315
18300 29.6093
18400 29.8119
18500 29.9967
18600 30.1385
18700 30.2319
18800 30.3055
18900 30.4011
19000 30.5419
19100 30.7088
19200 30.8477
19300 30.9273
19400 30.9564
19500 30.9772
19600 31.0492
19700 31.201
19800 31.4035
19900 31.6248
20000 31.8586
20100 32.0912
20200 32.2855
20300 32.4124
20400 32.4976
20500 32.5721
20600 32.6727
20700 32.8085
20800 32.9534
20900 33.0764
21000 33.1996
21100 33.3632
21200 33.5457
21300 33.7059
21400 33.8272
21500 33.9466
21600 34.087
21700 34.2464
21800 34.4145
21900 34.584
22000 34.7697
22100 34.9863
22200 35.2214
22300 35.4477
22400 35.6558
22500 35.8523
22600 36.0627
22700 36.2889
22800 36.5109
22900 36.7312
23000 36.9459
23100 37.1755
23200 37.4439
23300 37.7655
23400 38.098
23500 38.4017
23600 38.6394
23700 38.8196
23800 38.9796
23900 39.1331
24000 39.2797
24100 39.4187
24200 39.5872
24300 39.8059
24400 40.067
24500 40.3488
24600 40.6092
24700 40.813
24800 40.9533
24900 41.0602
25000 41.196
25100 41.4292
25200 41.7789
25300 42.2019
25400 42.6031
25500 42.8879
25600 43.0408
25700 43.1239
25800 43.2015
25900 43.2852
26000 43.385
26100 43.5121
26200 43.6594
26300 43.8148
26400 43.9805
26500 44.1632
26600 44.367
26700 44.5705
26800 44.7416
26900 44.8759
27000 45.0084
27100 45.1963
27200 45.4327
27300 45.65
27400 45.8172
27500 45.9569
27600 46.1183
27700 46.3196
27800 46.5478
27900 46.7886
28000 47.0449
28100 47.308
28200 47.5552
28300 47.7803
28400 47.9869
28500 48.187
28600 48.4242
28700 48.7385
28800 49.0969
28900 49.4231
29000 49.6582
29100 49.8026
29200 49.8947
29300 49.9655
29400 50.0384
29500 50.0981
29600 50.1048
29700 50.093
29800 50.1483
29900 50.2943
30000 50.4929
30100 50.7093
30200 50.9148
30300 51.0927
30400 51.2422
30500 51.3767
30600 51.5256
30700 51.7051
30800 51.9012
30900 52.1137
31000 52.337
31100 52.5464
31200 52.7079
31300 52.8045
31400 52.8696
31500 52.9759
31600 53.1578
31700 53.3956
31800 53.6567
31900 53.9118
32000 54.129
32100 54.3135
32200 54.4883
32300 54.6518
32400 54.7998
32500 54.9819
32600 55.2386
32700 55.5364
32800 55.7835
32900 55.9327
33000 56.0025
33100 56.0655
33200 56.1916
33300 56.3657
33400 56.5429
33500 56.7189
33600 56.9092
33700 57.1302
33800 57.3956
33900 57.6778
34000 57.9142
34100 58.0988
34200 58.2935
34300 58.5589
34400 58.8963
34500 59.2454
34600 59.5255
34700 59.7358
34800 59.9235
34900 60.0925
35000 60.2178
35100 60.338
35200 60.498
35300 60.73
35400 61.0386
35500 61.3846
35600 61.7082
35700 61.9646
35800 62.154
35900 62.3406
36000 62.5675
36100 62.8149
36200 63.0578
36300 63.2874
36400 63.4945
36500 63.6463
36600 63.7117
36700 63.7164
36800 63.7223
36900 63.7867
37000 63.928
37100 64.1051
37200 64.2811
37300 64.4703
37400 64.6761
37500 64.8523
37600 64.9724
37700 65.074
37800 65.1923
37900 65.3049
38000 65.4041
38100 65.5289
38200 65.7011
38300 65.8763
38400 65.9737
38500 65.9439
38600 65.8299
38700 65.734
38800 65.7249
38900 65.8192
39000 65.9851
39100 66.1649
39200 66.3352
39300 66.5081
39400 66.7072
39500 66.9545
39600 67.217
39700 67.4431
39800 67.6192
39900 67.7503
40000 67.8693
40100 68.0126
40200 68.1981
40300 68.4347
40400 68.6876
40500 68.9074
40600 69.0852
40700 69.2367
40800 69.3776
40900 69.543
41000 69.7337
41100 69.901
41200 70.041
41300 70.2047
41400 70.4251
41500 70.6789
41600 70.9337
41700 71.1648
41800 71.3742
41900 71.5756
42000 71.7581
42100 71.887
42200 71.9997
42300 72.1954
42400 72.5107
42500 72.8664
42600 73.1324
42700 73.231
42800 73.2187
42900 73.2022
43000 73.2487
43100 73.379
43200 73.5623
43300 73.7294
43400 73.8099
43500 73.8082
43600 73.8085
43700 73.8491
43800 73.9147
43900 74.0006
44000 74.0931
44100 74.1774
44200 74.2724
44300 74.4071
44400 74.5718
44500 74.7412
44600 74.906
44700 75.0756
44800 75.244
44900 75.3918
45000 75.5253
45100 75.6807
45200 75.8934
45300 76.1647
45400 76.451
45500 76.7039
45600 76.905
45700 77.087
45800 77.3093
45900 77.5919
46000 77.894
46100 78.1604
46200 78.3873
46300 78.5728
46400 78.7161
46500 78.8587
46600 79.0713
46700 79.3744
46800 79.6955
46900 79.9311
47000 80.0413
47100 80.0613
47200 80.0619
47300 80.1184
47400 80.2457
47500 80.3878
47600 80.4995
47700 80.6002
47800 80.7538
47900 80.9993
48000 81.3108
48100 81.6396
48200 81.9423
48300 82.1535
48400 82.2401
48500 82.2848
48600 82.3993
48700 82.6278
48800 82.9132
48900 83.1834
49000 83.4077
49100 83.6116
49200 83.8497
49300 84.153
49400 84.4978
49500 84.8097
49600 85.0704
49700 85.3047
49800 85.5056
49900 85.6306
50000 85.6429
50100 85.608
50200 85.6607
50300 85.8847
50400 86.2586
50500 86.6756
50600 87.0091
50700 87.174
50800 87.2284
50900 87.3243
51000 87.5303
51100 87.7687
51200 87.9307
51300 88.0087
51400 88.0783
51500 88.2052
51600 88.4302
51700 88.7303
51800 89.0272
51900 89.2682
52000 89.4516
52100 89.5961
52200 89.7677
52300 90.02
52400 90.3242
52500 90.6154
52600 90.8597
52700 91.0436
52800 91.1925
52900 91.3798
53000 91.6256
53100 91.885
53200 92.1669
53300 92.4934
53400 92.8058
53500 93.0051
53600 93.0514
53700 93.0275
53800 93.0485
53900 93.1662
54000 93.3413
54100 93.5227
54200 93.6845
54300 93.8389
54400 94.0233
54500 94.2752
54600 94.5769
54700 94.8097
54800 94.8742
54900 94.7904
55000 94.6855
55100 94.6752
55200 94.7861
55300 94.9812
55400 95.2324
55500 95.5203
55600 95.8311
55700 96.164
55800 96.4868
55900 96.7652
56000 96.9872
56100 97.1552
56200 97.2981
56300 97.4746
56400 97.7199
56500 97.991
56600 98.2145
56700 98.3868
56800 98.5863
56900 98.8472
57000 99.1336
57100 99.3745
57200 99.5233
57300 99.5985
57400 99.6489
57500 99.7109
57600 99.8055
57700 99.9357
57800 100.056
57900 100.131
58000 100.185
58100 100.253
58200 100.344
58300 100.513
58400 100.823
58500 101.239
58600 101.675
58700 102.073
58800 102.337
58900 102.432
59000 102.443
59100 102.484
59200 102.603
59300 102.745
59400 102.836
59500 102.885
59600 102.944
59700 103.054
59800 103.243
59900 103.479
60000 103.683
60100 103.804
60200 103.878
60300 104.006
60400 104.243
60500 104.55
60600 104.821
60700 104.953
60800 104.93
60900 104.828
61000 104.761
61100 104.805
61200 104.938
61300 105.08
61400 105.193
61500 105.298
61600 105.438
61700 105.629
61800 105.854
61900 106.114
62000 106.432
62100 106.813
62200 107.239
62300 107.664
62400 108.061
62500 108.42
62600 108.73
62700 108.978
62800 109.15
62900 109.274
63000 109.405
63100 109.593
63200 109.875
63300 110.243
63400 110.638
63500 110.987
63600 111.272
63700 111.551
63800 111.904
63900 112.323
64000 112.696
64100 112.922
64200 113.014
64300 113.119
64400 113.371
64500 113.758
64600 114.149
64700 114.446
64800 114.632
64900 114.764
65000 114.897
65100 115.064
65200 115.278
65300 115.534
65400 115.773
65500 115.931
65600 116.056
65700 116.224
65800 116.422
65900 116.579
66000 116.665
66100 116.652
66200 116.563
66300 116.495
66400 116.521
66500 116.614
66600 116.716
66700 116.817
66800 116.923
66900 117.065
67000 117.29
67100 117.631
67200 118.059
67300 118.499
67400 118.897
67500 119.231
67600 119.508
67700 119.706
67800 119.833
67900 119.917
68000 119.965
68100 119.968
68200 119.941
68300 119.933
68400 120.011
68500 120.201
68600 120.453
68700 120.699
68800 120.954
68900 121.258
69000 121.594
69100 121.905
69200 122.143
69300 122.267
69400 122.319
69500 122.425
69600 122.652
69700 122.964
69800 123.27
69900 123.509
70000 123.691
70100 123.837
70200 123.921
70300 123.946
70400 123.981
70500 124.059
70600 124.146
70700 124.222
70800 124.294
70900 124.367
71000 124.449
71100 124.563
71200 124.728
71300 124.94
71400 125.131
71500 125.25
71600 125.316
71700 125.376
71800 125.49
71900 125.733
72000 126.14
72100 126.668
72200 127.199
72300 127.602
72400 127.828
72500 127.901
72600 127.937
72700 128.065
72800 128.301
72900 128.554
73000 128.72
73100 128.792
73200 128.87
73300 129.03
73400 129.276
73500 129.612
73600 130.009
73700 130.406
73800 130.756
73900 131.074
74000 131.396
74100 131.72
74200 131.989
74300 132.128
74400 132.094
74500 131.976
74600 131.956
74700 132.108
74800 132.362
74900 132.641
75000 132.892
75100 133.105
75200 133.29
75300 133.439
75400 133.549
75500 133.667
75600 133.847
75700 134.059
75800 134.223
75900 134.333
76000 134.459
76100 134.643
76200 134.852
76300 135.075
76400 135.345
76500 135.677
76600 136.011
76700 136.26
76800 136.403
76900 136.504
77000 136.651
77100 136.851
77200 137.047
77300 137.215
77400 137.417
77500 137.726
77600 138.118
77700 138.505
77800 138.847
77900 139.118
78000 139.299
78100 139.414
78200 139.53
78300 139.7
78400 139.941
78500 140.268
78600 140.668
78700 141.074
78800 141.405
78900 141.607
79000 141.701
79100 141.727
79200 141.715
79300 141.709
79400 141.76
79500 141.93
79600 142.234
79700 142.583
79800 142.896
79900 143.18
80000 143.448
80100 143.65
80200 143.759
80300 143.819
80400 143.907
80500 144.078
80600 144.338
80700 144.659
80800 145.03
80900 145.431
81000 145.835
81100 146.201
81200 146.541
81300 146.891
81400 147.255
81500 147.613
81600 147.905
81700 148.082
81800 148.203
81900 148.395
82000 148.705
82100 149.07
82200 149.434
82300 149.818
82400 150.221
82500 150.603
82600 150.922
82700 151.14
82800 151.318
82900 151.617
83000 152.088
83100 152.6
83200 153.003
83300 153.276
83400 153.474
83500 153.651
83600 153.816
83700 153.963
83800 154.09
83900 154.226
84000 154.406
84100 154.653
84200 154.983
84300 155.357
84400 155.687
84500 155.955
84600 156.162
84700 156.271
84800 156.289
84900 156.319
85000 156.484
85100 156.83
85200 157.286
85300 157.765
85400 158.207
85500 158.565
85600 158.831
85700 159.074
85800 159.398
85900 159.825
86000 160.293
86100 160.716
86200 161.048
86300 161.329
86400 161.6
86500 161.874
86600 162.114
86700 162.282
86800 162.381
86900 162.472
87000 162.624
87100 162.874
87200 163.238
87300 163.715
87400 164.259
87500 164.789
87600 165.251
87700 165.63
87800 165.942
87900 166.196
88000 166.406
88100 166.621
88200 166.863
88300 167.095
88400 167.279
88500 167.41
88600 167.493
88700 167.573
88800 167.759
88900 168.157
89000 168.75
89100 169.358
89200 169.807
89300 170.035
89400 170.132
89500 170.2
89600 170.317
89700 170.509
89800 170.748
89900 170.974
90000 171.116
90100 171.136
90200 171.099
90300 171.116
90400 171.235
90500 171.452
90600 171.733
90700 171.985
90800 172.117
90900 172.133
91000 172.135
91100 172.218
91200 172.446
91300 172.827
91400 173.288
91500 173.734
91600 174.113
91700 174.434
91800 174.746
91900 175.115
92000 175.567
92100 176.06
92200 176.487
92300 176.807
92400 177.018
92500 177.162
92600 177.32
92700 177.576
92800 177.939
92900 178.347
93000 178.769
93100 179.221
93200 179.726
93300 180.255
93400 180.8
93500 181.322
93600 181.81
93700 182.23
93800 182.532
93900 182.706
94000 182.815
94100 182.946
94200 183.16
94300 183.472
94400 183.868
94500 184.301
94600 184.69
94700 184.956
94800 185.057
94900 185.042
95000 185.044
95100 185.2
95200 185.585
95300 186.164
95400 186.811
95500 187.409
95600 187.906
95700 188.303
95800 188.604
95900 188.837
96000 189.015
96100 189.14
96200 189.236
96300 189.356
96400 189.569
96500 189.867
96600 190.205
96700 190.571
96800 190.918
96900 191.192
97000 191.41
97100 191.651
97200 191.967
97300 192.352
97400 192.754
97500 193.117
97600 193.4
97700 193.568
97800 193.626
97900 193.659
98000 193.785
98100 194.092
98200 194.569
98300 195.1
98400 195.578
98500 195.953
98600 196.237
98700 196.484
98800 196.78
98900 197.159
99000 197.581
99100 197.962
99200 198.257
99300 198.495
99400 198.713
99500 198.961
99600 199.305
99700 199.727
99800 200.141
99900 200.447
100000 200.659
100100 200.865
100200 201.084
100300 201.301
100400 201.55
100500 201.846
100600 202.144
100700 202.375
100800 202.555
100900 202.751
101000 202.998
101100 203.314
101200 203.712
101300 204.17
101400 204.626
101500 204.999
101600 205.264
101700 205.443
101800 205.61
101900 205.83
102000 206.12
102100 206.468
102200 206.811
102300 207.089
102400 207.322
102500 207.562
102600 207.797
102700 207.946
102800 207.976
102900 207.996
103000 208.182
103100 208.613
103200 209.214
103300 209.816
103400 210.368
103500 210.909
103600 211.461
103700 211.974
103800 212.365
103900 212.596
104000 212.682
104100 212.703
104200 212.782
104300 213.045
104400 213.534
104500 214.151
104600 214.734
104700 215.155
104800 215.39
104900 215.507
105000 215.617
105100 215.813
105200 216.12
105300 216.431
105400 216.617
105500 216.669
105600 216.726
105700 216.904
105800 217.218
105900 217.593
106000 217.963
106100 218.301
106200 218.592
106300 218.811
106400 218.937
106500 219
106600 219.091
106700 219.293
106800 219.608
106900 219.968
107000 220.325
107100 220.646
107200 220.884
107300 221.002
107400 220.981
107500 220.87
107600 220.79
107700 220.867
107800 221.12
107900 221.498
108000 221.903
108100 222.268
108200 222.585
108300 222.924
108400 223.349
108500 223.844
108600 224.353
108700 224.816
108800 225.23
108900 225.674
109000 226.173
109100 226.672
109200 227.124
109300 227.502
109400 227.786
109500 228.005
109600 228.221
109700 228.483
109800 228.802
109900 229.15
110000 229.511
110100 229.844
110200 230.078
110300 230.16
110400 230.133
110500 230.119
110600 230.21
110700 230.437
110800 230.763
110900 231.108
111000 231.403
111100 231.62
111200 231.789
111300 232.003
111400 232.346
111500 232.829
111600 233.347
111700 233.759
111800 233.986
111900 234.098
112000 234.221
112100 234.463
112200 234.865
112300 235.342
112400 235.771
112500 236.125
112600 236.464
112700 236.857
112800 237.317
112900 237.761
113000 238.108
113100 238.332
113200 238.498
113300 238.736
113400 239.072
113500 239.442
113600 239.83
113700 240.249
113800 240.659
113900 240.986
114000 241.192
114100 241.288
114200 241.28
114300 241.2
114400 241.166
114500 241.26
114600 241.484
114700 241.768
114800 242.043
114900 242.248
115000 242.364
115100 242.418
115200 242.474
115300 242.59
115400 242.751
115500 242.934
115600 243.175
115700 243.534
115800 244.02
115900 244.523
116000 244.899
116100 245.101
116200 245.23
116300 245.392
116400 245.621
116500 245.906
116600 246.234
116700 246.578
116800 246.889
116900 247.112
117000 247.24
117100 247.356
117200 247.571
117300 247.94
117400 248.458
117500 249.046
117600 249.544
117700 249.879
117800 250.086
117900 250.262
118000 250.487
118100 250.757
118200 251.009
118300 251.175
118400 251.248
118500 251.281
118600 251.323
118700 251.389
118800 251.479
118900 251.592
119000 251.695
119100 251.776
119200 251.841
119300 251.908
119400 252.025
119500 252.244
119600 252.576
119700 252.942
119800 253.24
119900 253.384
120000 253.373
120100 253.308
120200 253.321
120300 253.481
120400 253.749
120500 254.007
120600 254.184
120700 254.342
120800 254.59
120900 254.957
121000 255.364
121100 255.671
121200 255.736
121300 255.589
121400 255.414
121500 255.392
121600 255.559
121700 255.867
121800 256.26
121900 256.665
122000 257.07
122100 257.503
122200 258.003
122300 258.593
122400 259.259
122500 259.871
122600 260.29
122700 260.467
122800 260.517
122900 260.614
123000 260.875
123100 261.305
123200 261.846
123300 262.426
123400 263.044
123500 263.682
123600 264.316
123700 264.954
123800 265.596
123900 266.179
124000 266.665
124100 267.114
124200 267.606
124300 268.121
124400 268.624
124500 269.136
124600 269.657
124700 270.137
124800 270.55
124900 270.88
125000 271.138
125100 271.387
125200 271.683
125300 271.989
125400 272.222
125500 272.393
125600 272.578
125700 272.795
125800 273.024
125900 273.289
126000 273.585
126100 273.865
126200 274.134
126300 274.465
126400 274.899
126500 275.41
126600 275.948
126700 276.479
126800 276.973
126900 277.38
127000 277.693
127100 277.944
127200 278.188
127300 278.458
127400 278.733
127500 278.94
127600 279.013
127700 278.975
127800 278.921
127900 278.989
128000 279.261
128100 279.731
128200 280.3
128300 280.765
128400 281.019
128500 281.144
128600 281.297
128700 281.522
128800 281.796
128900 282.076
129000 282.324
129100 282.543
129200 282.769
129300 283.015
129400 283.287
129500 283.62
129600 283.979
129700 284.265
129800 284.419
129900 284.504
130000 284.641
130100 284.902
130200 285.265
130300 285.697
130400 286.167
130500 286.634
130600 287.09
130700 287.541
130800 288.034
130900 288.577
131000 289.094
131100 289.495
131200 289.728
131300 289.808
131400 289.866
131500 290.07
131600 290.512
131700 291.133
131800 291.749
131900 292.17
132000 292.408
132100 292.601
132200 292.849
132300 293.196
132400 293.649
132500 294.182
132600 294.768
132700 295.315
132800 295.717
132900 295.912
133000 295.984
133100 296.094
133200 296.331
133300 296.67
133400 297.024
133500 297.35
133600 297.655
133700 297.922
133800 298.13
133900 298.281
134000 298.431
134100 298.673
134200 299.024
134300 299.406
134400 299.78
134500 300.165
134600 300.572
134700 300.939
134800 301.206
134900 301.419
135000 301.684
135100 302.058
135200 302.527
135300 303.015
135400 303.46
135500 303.845
135600 304.128
135700 304.233
135800 304.151
135900 304.009
136000 303.993
136100 304.2
136200 304.598
136300 305.097
136400 305.654
136500 306.296
136600 306.974
136700 307.608
136800 308.166
136900 308.671
137000 309.095
137100 309.395
137200 309.6
137300 309.82
137400 310.211
137500 310.854
137600 311.697
137700 312.556
137800 313.269
137900 313.858
138000 314.429
138100 315.009
138200 315.571
138300 316.088
138400 316.535
138500 316.901
138600 317.224
138700 317.586
138800 318.035
138900 318.539
139000 319.033
139100 319.418
139200 319.623
139300 319.702
139400 319.781
139500 319.94
139600 320.181
139700 320.454
139800 320.743
139900 321.1
140000 321.541
140100 322.017
140200 322.481
140300 322.93
140400 323.349
140500 323.729
140600 324.084
140700 324.444
140800 324.871
140900 325.408
141000 326.031
141100 326.68
141200 327.271
141300 327.757
141400 328.138
141500 328.413
141600 328.633
141700 328.87
141800 329.146
141900 329.42
142000 329.679
142100 329.939
142200 330.257
142300 330.669
142400 331.089
142500 331.442
142600 331.748
142700 332.017
142800 332.197
142900 332.265
143000 332.271
143100 332.268
143200 332.277
143300 332.304
143400 332.366
143500 332.5
143600 332.77
143700 333.19
143800 333.7
143900 334.253
144000 334.842
144100 335.423
144200 335.926
144300 336.283
144400 336.467
144500 336.479
144600 336.377
144700 336.253
144800 336.208
144900 336.307
145000 336.526
145100 336.786
145200 337.013
145300 337.167
145400 337.249
145500 337.284
145600 337.31
145700 337.366
145800 337.46
145900 337.569
146000 337.687
146100 337.845
146200 338.105
146300 338.499
146400 338.967
146500 339.438
146600 339.868
146700 340.239
146800 340.586
146900 340.972
147000 341.407
147100 341.898
147200 342.493
147300 343.201
147400 343.928
147500 344.577
147600 345.117
147700 345.516
147800 345.73
147900 345.796
148000 345.876
148100 346.137
148200 346.551
148300 346.974
148400 347.344
148500 347.719
148600 348.132
148700 348.583
148800 349.077
148900 349.584
149000 350.095
149100 350.664
149200 351.337
149300 352.11
149400 352.923
149500 353.701
149600 354.357
149700 354.842
149800 355.168
149900 355.384
150000 355.566
150100 355.792
150200 356.095
150300 356.431
150400 356.738
150500 356.97
150600 357.093
150700 357.182
150800 357.373
150900 357.696
151000 358.07
151100 358.437
151200 358.783
151300 359.141
151400 359.561
151500 360.033
151600 360.476
151700 360.817
151800 361.067
151900 361.292
152000 361.507
152100 361.684
152200 361.834
152300 361.985
152400 362.166
152500 362.391
152600 362.697
152700 363.125
152800 363.67
152900 364.238
153000 364.7
153100 364.96
153200 365.08
153300 365.191
153400 365.374
153500 365.703
153600 366.245
153700 366.99
153800 367.86
153900 368.747
154000 369.566
154100 370.287
154200 370.896
154300 371.423
154400 371.912
154500 372.338
154600 372.637
154700 372.843
154800 373.106
154900 373.532
155000 374.054
155100 374.527
155200 374.899
155300 375.197
155400 375.466
155500 375.755
155600 376.066
155700 376.304
155800 376.376
155900 376.314
156000 376.229
156100 376.192
156200 376.232
156300 376.362
156400 376.567
156500 376.821
156600 377.12
156700 377.492
156800 377.972
156900 378.51
157000 379.008
157100 379.434
157200 379.864
157300 380.35
157400 380.871
157500 381.371
157600 381.848
157700 382.323
157800 382.776
157900 383.208
158000 383.654
158100 384.12
158200 384.579
158300 385.015
158400 385.395
158500 385.703
158600 385.952
158700 386.159
158800 386.351
158900 386.566
159000 386.802
159100 387.056
159200 387.386
159300 387.836
159400 388.352
159500 388.868
159600 389.364
159700 389.798
159800 390.142
159900 390.413
160000 390.681
160100 391.063
160200 391.654
160300 392.4
160400 393.152
160500 393.803
160600 394.316
160700 394.679
160800 394.828
160900 394.777
161000 394.632
161100 394.519
161200 394.531
161300 394.666
161400 394.904
161500 395.299
161600 395.904
161700 396.601
161800 397.169
161900 397.461
162000 397.53
162100 397.531
162200 397.594
162300 397.785
162400 398.122
162500 398.57
162600 399.066
162700 399.54
162800 399.96
162900 400.377
163000 400.853
163100 401.393
163200 402.011
163300 402.737
163400 403.543
163500 404.369
163600 405.119
163700 405.719
163800 406.162
163900 406.476
164000 406.708
164100 406.93
164200 407.162
164300 407.364
164400 407.545
164500 407.774
164600 408.087
164700 408.457
164800 408.832
164900 409.165
165000 409.433
165100 409.673
165200 409.948
165300 410.301
165400 410.736
165500 411.225
165600 411.691
165700 412.081
165800 412.449
165900 412.858
166000 413.262
166100 413.529
166200 413.596
166300 413.479
166400 413.31
166500 413.251
166600 413.382
166700 413.701
166800 414.182
166900 414.696
167000 415.07
167100 415.261
167200 415.369
167300 415.535
167400 415.851
167500 416.393
167600 417.141
167700 417.884
167800 418.4
167900 418.656
168000 418.829
168100 419.091
168200 419.45
168300 419.827
168400 420.227
168500 420.686
168600 421.202
168700 421.738
168800 422.252
168900 422.724
169000 423.18
169100 423.632
169200 424.045
169300 424.375
169400 424.651
169500 424.965
169600 425.418
169700 426.043
169800 426.771
169900 427.497
170000 428.133
170100 428.695
170200 429.256
170300 429.845
170400 430.427
170500 430.965
170600 431.374
170700 431.608
170800 431.752
170900 431.915
171000 432.152
171100 432.487
171200 432.886
171300 433.27
171400 433.56
171500 433.71
171600 433.774
171700 433.888
171800 434.163
171900 434.63
172000 435.22
172100 435.833
172200 436.398
172300 436.913
172400 437.388
172500 437.802
172600 438.117
172700 438.374
172800 438.655
172900 439.028
173000 439.533
173100 440.162
173200 440.866
173300 441.542
173400 442.102
173500 442.548
173600 442.988
173700 443.544
173800 444.282
173900 445.168
174000 446.128
174100 447.055
174200 447.886
174300 448.593
174400 449.205
174500 449.761
174600 450.281
174700 450.85
174800 451.56
174900 452.388
175000 453.223
175100 453.99
175200 454.704
175300 455.426
175400 456.19
175500 457.022
175600 457.956
175700 458.926
175800 459.76
175900 460.371
176000 460.76
176100 461.004
176200 461.186
176300 461.389
176400 461.699
176500 462.154
176600 462.698
176700 463.21
176800 463.65
176900 464.071
177000 464.532
177100 465.035
177200 465.566
177300 466.105
177400 466.608
177500 467.038
177600 467.381
177700 467.66
177800 467.951
177900 468.34
178000 468.813
178100 469.288
178200 469.755
178300 470.236
178400 470.714
178500 471.205
178600 471.717
178700 472.224
178800 472.74
178900 473.322
179000 473.985
179100 474.686
179200 475.364
179300 475.981
179400 476.457
179500 476.781
179600 476.982
179700 477.05
179800 476.956
179900 476.748
180000 476.583
180100 476.651
180200 477.023
180300 477.595
180400 478.222
180500 478.827
180600 479.418
180700 479.987
180800 480.534
180900 481.051
181000 481.527
181100 481.954
181200 482.371
181300 482.889
181400 483.579
181500 484.413
181600 485.32
181700 486.202
181800 486.972
181900 487.514
182000 487.745
182100 487.723
182200 487.594
182300 487.496
182400 487.569
182500 487.921
182600 488.523
182700 489.226
182800 489.863
182900 490.367
183000 490.706
183100 490.851
183200 490.858
183300 490.897
183400 491.149
183500 491.608
183600 492.139
183700 492.593
183800 492.902
183900 493.147
184000 493.465
184100 493.921
184200 494.482
184300 495.09
184400 495.716
184500 496.348
184600 496.977
184700 497.589
184800 498.146
184900 498.589
185000 498.861
185100 498.962
185200 498.967
185300 498.978
185400 499.073
185500 499.287
185600 499.606
185700 500
185800 500.473
185900 501.022
186000 501.558
186100 501.973
186200 502.219
186300 502.344
186400 502.426
186500 502.472
186600 502.468
186700 502.481
186800 502.612
186900 502.899
187000 503.297
187100 503.741
187200 504.154
187300 504.574
187400 505.092
187500 505.67
187600 506.175
187700 506.499
187800 506.628
187900 506.552
188000 506.357
188100 506.24
188200 506.398
188300 506.859
188400 507.57
188500 508.379
188600 509.149
188700 509.808
188800 510.363
188900 510.864
189000 511.295
189100 511.608
189200 511.842
189300 512.121
189400 512.528
189500 513.015
189600 513.441
189700 513.691
189800 513.799
189900 513.9
190000 514.108
190100 514.444
190200 514.878
190300 515.377
190400 515.897
190500 516.376
190600 516.781
190700 517.113
190800 517.43
190900 517.816
191000 518.283
191100 518.77
191200 519.28
191300 519.879
191400 520.556
191500 521.22
191600 521.763
191700 522.16
191800 522.456
191900 522.741
192000 523.16
192100 523.806
192200 524.592
192300 525.326
192400 525.858
192500 526.127
192600 526.208
192700 526.268
192800 526.479
192900 526.916
193000 527.478
193100 527.957
193200 528.22
193300 528.336
193400 528.494
193500 528.848
193600 529.379
193700 530.019
193800 530.734
193900 531.422
194000 531.982
194100 532.406
194200 532.761
194300 533.059
194400 533.308
194500 533.509
194600 533.636
194700 533.727
194800 533.913
194900 534.308
195000 534.899
195100 535.6
195200 536.279
195300 536.876
195400 537.403
195500 537.88
195600 538.327
195700 538.756
195800 539.166
195900 539.573
196000 540.046
196100 540.626
196200 541.24
196300 541.808
196400 542.298
196500 542.679
196600 542.887
196700 542.945
196800 543.029
196900 543.337
197000 543.901
197100 544.607
197200 545.283
197300 545.817
197400 546.186
197500 546.412
197600 546.554
197700 546.681
197800 546.874
197900 547.216
198000 547.733
198100 548.325
198200 548.844
198300 549.263
198400 549.656
198500 550.03
198600 550.285
198700 550.334
198800 550.217
198900 550.036
199000 549.866
199100 549.749
199200 549.705
199300 549.759
199400 549.895
199500 550.056
199600 550.218
199700 550.412
199800 550.695
199900 551.088
200000 551.531
200100 551.93
200200 552.243
200300 552.478
200400 552.661
200500 552.849
200600 553.124
200700 553.537
200800 554.058
200900 554.574
201000 554.993
201100 555.304
201200 555.587
201300 555.882
201400 556.168
201500 556.451
201600 556.761
201700 557.078
201800 557.313
201900 557.412
202000 557.429
202100 557.456
202200 557.526
202300 557.565
202400 557.5
202500 557.348
202600 557.177
202700 557.088
202800 557.169
202900 557.415
203000 557.74
203100 558.066
203200 558.368
203300 558.667
203400 558.965
203500 559.237
203600 559.454
203700 559.6
203800 559.674
203900 559.722
204000 559.806
204100 559.929
204200 560.07
204300 560.26
204400 560.539
204500 560.85
204600 561.071
204700 561.165
204800 561.197
204900 561.26
205000 561.414
205100 561.681
205200 562.036
205300 562.426
205400 562.817
205500 563.25
205600 563.788
205700 564.391
205800 564.927
205900 565.323
206000 565.576
206100 565.699
206200 565.683
206300 565.542
206400 565.387
206500 565.363
206600 565.558
206700 565.989
206800 566.585
206900 567.236
207000 567.853
207100 568.37
207200 568.787
207300 569.181
207400 569.59
207500 569.963
207600 570.296
207700 570.7
207800 571.252
207900 571.877
208000 572.49
208100 573.028
208200 573.464
208300 573.834
208400 574.229
208500 574.681
208600 575.136
208700 575.564
208800 575.977
208900 576.382
209000 576.776
209100 577.162
209200 577.57
209300 578.018
209400 578.483
209500 578.924
209600 579.332
209700 579.728
209800 580.127
209900 580.495
210000 580.761
210100 580.91
210200 581.019
210300 581.174
210400 581.413
210500 581.703
210600 582.013
210700 582.352
210800 582.71
210900 583.023
211000 583.241
211100 583.389
211200 583.506
211300 583.603
211400 583.69
211500 583.803
211600 583.948
211700 584.082
211800 584.174
211900 584.224
212000 584.256
212100 584.316
212200 584.411
212300 584.506
212400 584.581
212500 584.657
212600 584.734
212700 584.802
212800 584.93
212900 585.2
213000 585.584
213100 585.987
213200 586.372
213300 586.708
213400 586.98
213500 587.239
213600 587.555
213700 587.954
213800 588.409
213900 588.888
214000 589.368
214100 589.856
214200 590.348
214300 590.806
214400 591.194
214500 591.536
214600 591.91
214700 592.372
214800 592.915
214900 593.503
215000 594.094
215100 594.71
215200 595.406
215300 596.211
215400 597.114
215500 598.051
215600 598.901
215700 599.532
215800 599.922
215900 600.184
216000 600.467
216100 600.813
216200 601.193
216300 601.569
216400 601.902
216500 602.205
216600 602.558
216700 603.058
216800 603.73
216900 604.536
217000 605.429
217100 606.313
217200 607.099
217300 607.708
217400 608.094
217500 608.302
217600 608.447
217700 608.614
217800 608.836
217900 609.145
218000 609.606
218100 610.292
218200 611.191
218300 612.143
218400 612.969
218500 613.654
218600 614.276
218700 614.901
218800 615.571
218900 616.353
219000 617.289
219100 618.31
219200 619.262
219300 620.022
219400 620.615
219500 621.168
219600 621.765
219700 622.3
219800 622.617
219900 622.663
220000 622.542
220100 622.43
220200 622.465
220300 622.7
220400 623.071
220500 623.45
220600 623.736
220700 623.886
220800 623.902
220900 623.823
221000 623.705
221100 623.565
221200 623.464
221300 623.519
221400 623.802
221500 624.325
221600 625.002
221700 625.668
221800 626.229
221900 626.767
222000 627.354
222100 627.896
222200 628.27
222300 628.489
222400 628.666
222500 628.957
222600 629.477
222700 630.176
222800 630.896
222900 631.545
223000 632.08
223100 632.481
223200 632.766
223300 633.012
223400 633.373
223500 633.998
223600 634.913
223700 635.981
223800 637.021
223900 637.888
224000 638.515
224100 638.897
224200 639.095
224300 639.27
224400 639.592
224500 640.155
224600 640.951
224700 641.933
224800 643.032
224900 644.139
225000 645.061
225100 645.725
225200 646.183
225300 646.534
225400 646.845
225500 647.159
225600 647.541
225700 648.068
225800 648.825
225900 649.864
226000 651.104
226100 652.363
226200 653.488
226300 654.353
226400 654.966
226500 655.432
226600 655.849
226700 656.251
226800 656.651
226900 657.057
227000 657.478
227100 657.972
227200 658.556
227300 659.174
227400 659.764
227500 660.266
227600 660.643
227700 660.905
227800 661.103
227900 661.27
228000 661.462
228100 661.778
228200 662.29
228300 662.96
228400 663.678
228500 664.386
228600 665.052
228700 665.639
228800 666.147
228900 666.606
229000 667.04
229100 667.514
229200 668.085
229300 668.736
229400 669.381
229500 669.98
229600 670.542
229700 671.037
229800 671.444
229900 671.763
230000 672.013
230100 672.232
230200 672.486
230300 672.842
230400 673.327
230500 673.937
230600 674.626
230700 675.29
230800 675.841
230900 676.326
231000 676.847
231100 677.404
231200 677.874
231300 678.175
231400 678.377
231500 678.556
231600 678.69
231700 678.785
231800 678.979
231900 679.439
232000 680.191
232100 681.155
232200 682.172
232300 683.095
232400 683.815
232500 684.32
232600 684.677
232700 684.936
232800 685.129
232900 685.305
233000 685.539
233100 685.861
233200 686.255
233300 686.695
233400 687.187
233500 687.746
233600 688.329
233700 688.869
233800 689.338
233900 689.714
234000 689.976
234100 690.183
234200 690.425
234300 690.715
234400 690.968
234500 691.066
234600 691.013
234700 690.976
234800 691.099
234900 691.404
235000 691.835
235100 692.359
235200 692.929
235300 693.533
235400 694.144
235500 694.754
235600 695.381
235700 696.002
235800 696.577
235900 697.094
236000 697.543
236100 697.934
236200 698.335
236300 698.852
236400 699.55
236500 700.398
236600 701.326
236700 702.256
236800 703.1
236900 703.838
237000 704.488
237100 705.063
237200 705.614
237300 706.189
237400 706.762
237500 707.301
237600 707.828
237700 708.411
237800 709.103
237900 709.956
238000 711
238100 712.198
238200 713.491
238300 714.845
238400 716.19
238500 717.466
238600 718.697
238700 719.871
238800 720.917
238900 721.764
239000 722.383
239100 722.734
239200 722.849
239300 722.863
239400 722.954
239500 723.228
239600 723.673
239700 724.231
239800 724.823
239900 725.402
240000 725.959
240100 726.511
240200 727.063
240300 727.625
240400 728.269
240500 729.047
240600 729.885
240700 730.645
240800 731.233
240900 731.698
241000 732.187
241100 732.824
241200 733.651
241300 734.671
241400 735.815
241500 737.002
241600 738.144
241700 739.196
241800 740.068
241900 740.685
242000 741.057
242100 741.318
242200 741.587
242300 741.898
242400 742.281
242500 742.793
242600 743.446
242700 744.216
242800 745.089
242900 745.922
243000 746.484
243100 746.689
243200 746.573
243300 746.238
243400 745.898
243500 745.778
243600 745.984
243700 746.429
243800 746.935
243900 747.384
244000 747.732
244100 748.017
244200 748.292
244300 748.574
244400 748.863
244500 749.109
244600 749.232
244700 749.237
244800 749.262
244900 749.426
245000 749.686
245100 749.961
245200 750.286
245300 750.677
245400 751.089
245500 751.501
245600 751.901
245700 752.244
245800 752.526
245900 752.781
246000 753.02
246100 753.209
246200 753.318
246300 753.366
246400 753.371
246500 753.371
246600 753.415
246700 753.522
246800 753.688
246900 753.911
247000 754.254
247100 754.836
247200 755.698
247300 756.744
247400 757.834
247500 758.862
247600 759.752
247700 760.477
247800 761.004
247900 761.335
248000 761.536
248100 761.691
248200 761.862
248300 762.101
248400 762.468
248500 762.99
248600 763.657
248700 764.434
248800 765.256
248900 766.02
249000 766.682
249100 767.28
249200 767.806
249300 768.25
249400 768.625
249500 768.933
249600 769.204
249700 769.504
249800 769.9
249900 770.443
250000 771.154
