# Time-averaged data for fix 9
# TimeStep c_msd[4]
100 0.0156913
200 0.12981
300 0.356878
400 0.62839
500 0.92193
600 1.2458
700 1.57623
800 1.90858
900 2.25382
1000 2.6093
1100 2.97395
1200 3.33249
1300 3.68016
1400 4.04079
1500 4.41702
1600 4.80457
1700 5.1966
1800 5.58851
1900 5.99419
2000 6.38796
2100 6.73616
2200 7.07837
2300 7.43955
2400 7.81218
2500 8.17748
2600 8.55659
2700 8.97252
2800 9.42175
2900 9.88681
3000 10.3288
3100 10.709
3200 11.0336
3300 11.3362
3400 11.6648
3500 12.0394
3600 12.451
3700 12.8438
3800 13.1976
3900 13.5333
4000 13.9062
4100 14.2969
4200 14.678
4300 15.074
4400 15.4747
4500 15.8548
4600 16.2209
4700 16.5936
4800 17.0244
4900 17.4595
5000 17.846
5100 18.2212
5200 18.6026
5300 18.9532
5400 19.2537
5500 19.5207
5600 19.8188
5700 20.2043
5800 20.6254
5900 21.0221
6000 21.3696
6100 21.7463
6200 22.1988
6300 22.6689
6400 23.0586
6500 23.3566
6600 23.6518
6700 24.0084
6800 24.4216
6900 24.8433
7000 25.29
7100 25.7562
7200 26.2005
7300 26.6105
7400 26.9983
7500 27.413
7600 27.919
7700 28.5026
7800 29.0373
7900 29.4093
8000 29.6844
8100 29.9891
8200 30.3796
8300 30.8498
8400 31.3305
8500 31.7257
8600 32.0615
8700 32.4171
8800 32.8625
8900 33.3748
9000 33.8799
9100 34.3236
9200 34.7053
9300 35.0983
9400 35.5196
9500 35.9392
9600 36.3243
9700 36.7061
9800 37.1317
9900 37.5738
10000 38.013
10100 38.4236
10200 38.8154
10300 39.1946
10400 39.5919
10500 39.996
10600 40.3778
10700 40.7469
10800 41.1107
10900 41.4996
11000 41.8959
11100 42.2998
11200 42.7068
11300 43.0764
11400 43.4418
11500 43.8603
11600 44.3781
11700 45.0057
11800 45.6208
11900 46.1515
12000 46.5937
12100 47.0413
12200 47.5374
12300 48.0497
12400 48.5031
12500 48.8788
12600 49.2032
12700 49.4825
12800 49.7306
12900 50.0328
13000 50.4235
13100 50.9056
13200 51.4305
13300 51.9508
13400 52.4523
13500 52.9566
13600 53.4064
13700 53.8167
13800 54.2649
13900 54.8273
14000 55.5079
14100 56.1905
14200 56.7385
14300 57.1438
14400 57.5075
14500 57.9547
14600 58.4813
14700 58.9962
14800 59.3991
14900 59.7875
15000 60.3135
15100 61.0481
15200 61.8459
15300 62.5165
15400 62.9452
15500 63.1741
15600 63.3845
15700 63.7007
15800 64.1239
15900 64.562
16000 64.8877
16100 65.1239
16200 65.4487
16300 65.9286
16400 66.5285
16500 67.1351
16600 67.6838
16700 68.1482
16800 68.5238
16900 68.8117
17000 69.0606
17100 69.3486
17200 69.7038
17300 70.1027
17400 70.5102
17500 70.9017
17600 71.3101
17700 71.714
17800 72.071
17900 72.4225
18000 72.8209
18100 73.2508
18200 73.6783
18300 74.0925
18400 74.5317
18500 75.0562
18600 75.613
18700 76.165
18800 76.664
18900 77.1057
19000 77.5377
19100 78.0239
19200 78.6123
19300 79.2047
19400 79.6817
19500 80.1111
19600 80.6465
19700 81.2272
19800 81.753
19900 82.1847
20000 82.5646
20100 82.9619
20200 83.4158
20300 83.8738
20400 84.3161
20500 84.832
20600 85.5191
20700 86.292
20800 86.9872
20900 87.495
21000 87.877
21100 88.2839
21200 88.7808
21300 89.3298
21400 89.8546
21500 90.2763
21600 90.6153
21700 91.0095
21800 91.5305
21900 92.1744
22000 92.8809
22100 93.5635
22200 94.1394
22300 94.5966
22400 94.9297
22500 95.2204
22600 95.5846
22700 96.0766
22800 96.6692
22900 97.3159
23000 97.9567
23100 98.4934
23200 98.8793
23300 99.1671
23400 99.4876
23500 99.8877
23600 100.28
23700 100.567
23800 100.745
23900 100.912
24000 101.222
24100 101.718
24200 102.292
24300 102.824
24400 103.204
24500 103.443
24600 103.643
24700 103.897
24800 104.269
24900 104.786
25000 105.341
25100 105.825
25200 106.26
25300 106.683
25400 107.104
25500 107.493
25600 107.804
25700 108.113
25800 108.553
25900 109.091
26000 109.61
26100 110.057
26200 110.449
26300 110.818
26400 111.23
26500 111.646
26600 112.028
26700 112.436
26800 112.94
26900 113.537
27000 114.072
27100 114.429
27200 114.692
27300 115.014
27400 115.511
27500 116.173
27600 116.934
27700 117.742
27800 118.498
27900 119.026
28000 119.281
28100 119.387
28200 119.544
28300 119.852
28400 120.291
28500 120.734
28600 121.06
28700 121.3
28800 121.619
28900 122.096
29000 122.699
29100 123.338
29200 123.887
29300 124.302
29400 124.53
29500 124.594
29600 124.619
29700 124.741
29800 125.078
29900 125.575
30000 126.042
30100 126.349
30200 126.535
30300 126.753
30400 127.048
30500 127.373
30600 127.679
30700 127.985
30800 128.293
30900 128.647
31000 129.116
31100 129.722
31200 130.376
31300 130.968
31400 131.471
31500 131.867
31600 132.186
31700 132.536
31800 132.989
31900 133.484
32000 133.956
32100 134.354
32200 134.669
32300 134.911
32400 135.177
32500 135.554
32600 135.977
32700 136.406
32800 136.87
32900 137.294
33000 137.617
33100 137.82
33200 138.062
33300 138.473
33400 139.013
33500 139.531
33600 139.969
33700 140.405
33800 140.91
33900 141.497
34000 142.12
34100 142.725
34200 143.333
34300 144.009
34400 144.772
34500 145.608
34600 146.372
34700 146.855
34800 147.193
34900 147.608
35000 148.194
35100 148.927
35200 149.721
35300 150.477
35400 151.168
35500 151.808
35600 152.401
35700 152.891
35800 153.277
35900 153.694
36000 154.201
36100 154.783
36200 155.339
36300 155.792
36400 156.161
36500 156.507
36600 156.874
36700 157.271
36800 157.649
36900 157.956
37000 158.242
37100 158.657
37200 159.335
37300 160.242
37400 161.171
37500 161.895
37600 162.345
37700 162.639
37800 162.943
37900 163.352
38000 163.815
38100 164.187
38200 164.477
38300 164.821
38400 165.26
38500 165.67
38600 165.957
38700 166.239
38800 166.584
38900 166.91
39000 167.165
39100 167.338
39200 167.477
39300 167.666
39400 167.984
39500 168.395
39600 168.887
39700 169.44
39800 170.127
39900 170.913
40000 171.584
40100 172.01
40200 172.316
40300 172.664
40400 173.075
40500 173.445
40600 173.793
40700 174.194
40800 174.682
40900 175.271
41000 175.938
41100 176.6
41200 177.248
41300 177.907
41400 178.648
41500 179.374
41600 179.906
41700 180.25
41800 180.681
41900 181.295
42000 181.952
42100 182.468
42200 182.875
42300 183.292
42400 183.723
42500 184.146
42600 184.647
42700 185.31
42800 186.068
42900 186.717
43000 187.142
43100 187.38
43200 187.566
43300 187.834
43400 188.155
43500 188.441
43600 188.753
43700 189.196
43800 189.881
43900 190.719
44000 191.543
44100 192.264
44200 192.798
44300 193.155
44400 193.56
44500 194.217
44600 195.024
44700 195.77
44800 196.406
44900 197.043
45000 197.769
45100 198.517
45200 199.156
45300 199.635
45400 199.949
45500 200.183
45600 200.434
45700 200.781
45800 201.242
45900 201.787
46000 202.401
46100 203.017
46200 203.595
46300 204.109
46400 204.57
46500 205.071
46600 205.611
46700 206.107
46800 206.518
46900 206.878
47000 207.238
47100 207.615
47200 207.979
47300 208.308
47400 208.64
47500 209.05
47600 209.523
47700 210.048
47800 210.651
47900 211.369
48000 212.026
48100 212.451
48200 212.642
48300 212.779
48400 213.061
48500 213.584
48600 214.212
48700 214.716
48800 215.008
48900 215.128
49000 215.156
49100 215.191
49200 215.412
49300 215.818
49400 216.313
49500 216.855
49600 217.493
49700 218.176
49800 218.744
49900 219.152
50000 219.488
50100 219.873
50200 220.429
50300 221.202
50400 222.117
50500 222.916
50600 223.452
50700 223.665
50800 223.67
50900 223.624
51000 223.686
51100 223.897
51200 224.222
51300 224.628
51400 225.128
51500 225.738
51600 226.381
51700 226.889
51800 227.275
51900 227.655
52000 228.142
52100 228.707
52200 229.295
52300 229.845
52400 230.305
52500 230.608
52600 230.779
52700 231.003
52800 231.488
52900 232.255
53000 232.957
53100 233.338
53200 233.394
53300 233.216
53400 233.069
53500 233.189
53600 233.654
53700 234.405
53800 235.265
53900 236.074
54000 236.765
54100 237.325
54200 237.826
54300 238.397
54400 239.071
54500 239.753
54600 240.355
54700 240.862
54800 241.307
54900 241.717
55000 242.121
55100 242.511
55200 242.807
55300 242.93
55400 242.917
55500 242.867
55600 242.894
55700 243.113
55800 243.601
55900 244.263
56000 244.989
56100 245.762
56200 246.607
56300 247.558
56400 248.642
56500 249.713
56600 250.546
56700 251.066
56800 251.4
56900 251.748
57000 252.264
57100 252.923
57200 253.52
57300 253.896
57400 254.088
57500 254.325
57600 254.819
57700 255.565
57800 256.464
57900 257.323
58000 257.917
58100 258.225
58200 258.472
58300 258.797
58400 259.22
58500 259.642
58600 259.946
58700 260.189
58800 260.489
58900 260.751
59000 260.873
59100 260.975
59200 261.189
59300 261.493
59400 261.898
59500 262.397
59600 262.888
59700 263.228
59800 263.437
59900 263.665
60000 264.013
60100 264.519
60200 265.143
60300 265.834
60400 266.573
60500 267.284
60600 267.832
60700 268.18
60800 268.378
60900 268.458
61000 268.535
61100 268.791
61200 269.298
61300 269.944
61400 270.612
61500 271.259
61600 271.961
61700 272.712
61800 273.348
61900 273.754
62000 273.958
62100 274.091
62200 274.286
62300 274.553
62400 274.782
62500 275.05
62600 275.523
62700 276.154
62800 276.791
62900 277.234
63000 277.441
63100 277.549
63200 277.665
63300 277.824
63400 277.982
63500 278.198
63600 278.684
63700 279.513
63800 280.459
63900 281.342
64000 282.019
64100 282.517
64200 283.032
64300 283.68
64400 284.479
64500 285.345
64600 286.236
64700 287.089
64800 287.886
64900 288.696
65000 289.502
65100 290.201
65200 290.72
65300 291.081
65400 291.332
65500 291.54
65600 291.846
65700 292.328
65800 292.943
65900 293.577
66000 294.125
66100 294.638
66200 295.267
66300 295.949
66400 296.503
66500 296.828
66600 296.999
66700 297.177
66800 297.508
66900 298.029
67000 298.642
67100 299.246
67200 299.788
67300 300.289
67400 300.752
67500 301.15
67600 301.473
67700 301.764
67800 302.078
67900 302.417
68000 302.794
68100 303.268
68200 303.856
68300 304.551
68400 305.308
68500 306.056
68600 306.757
68700 307.411
68800 308.008
68900 308.477
69000 308.827
69100 309.202
69200 309.707
69300 310.274
69400 310.701
69500 310.875
69600 310.995
69700 311.334
69800 311.871
69900 312.383
70000 312.759
70100 313.011
70200 313.245
70300 313.582
70400 314.032
70500 314.539
70600 314.992
70700 315.39
70800 315.823
70900 316.271
71000 316.689
71100 317.066
71200 317.442
71300 317.902
71400 318.386
71500 318.774
71600 319.05
71700 319.293
71800 319.616
71900 319.966
72000 320.234
72100 320.557
72200 321.011
72300 321.518
72400 321.989
72500 322.508
72600 323.135
72700 323.883
72800 324.691
72900 325.453
73000 326.055
73100 326.402
73200 326.49
73300 326.409
73400 326.313
73500 326.311
73600 326.454
73700 326.685
73800 326.931
73900 327.248
74000 327.696
74100 328.251
74200 328.843
74300 329.433
74400 330.061
74500 330.649
74600 331.114
74700 331.579
74800 332.19
74900 332.938
75000 333.699
75100 334.417
75200 335.039
75300 335.451
75400 335.671
75500 335.839
75600 336.063
75700 336.398
75800 336.859
75900 337.359
76000 337.762
76100 338.052
76200 338.321
76300 338.677
76400 339.02
76500 339.244
76600 339.44
76700 339.718
76800 340.016
76900 340.307
77000 340.638
77100 341.086
77200 341.601
77300 342.091
77400 342.542
77500 343.001
77600 343.493
77700 344.07
77800 344.776
77900 345.544
78000 346.294
78100 346.984
78200 347.646
78300 348.332
78400 349.075
78500 349.876
78600 350.739
78700 351.559
78800 352.253
78900 352.834
79000 353.247
79100 353.435
79200 353.508
79300 353.705
79400 354.167
79500 354.828
79600 355.492
79700 356.032
79800 356.477
79900 356.82
80000 357.071
80100 357.319
80200 357.668
80300 358.095
80400 358.6
80500 359.138
80600 359.655
80700 360.113
80800 360.644
80900 361.305
81000 361.98
81100 362.461
81200 362.645
81300 362.679
81400 362.786
81500 363.072
81600 363.479
81700 363.821
81800 363.95
81900 363.945
82000 364.082
82100 364.53
82200 365.168
82300 365.762
82400 366.15
82500 366.406
82600 366.719
82700 367.204
82800 367.884
82900 368.692
83000 369.555
83100 370.41
83200 371.184
83300 371.659
83400 371.812
83500 371.825
83600 371.829
83700 371.832
83800 371.96
83900 372.328
84000 372.866
84100 373.456
84200 374.07
84300 374.714
84400 375.36
84500 375.957
84600 376.505
84700 376.996
84800 377.427
84900 377.823
85000 378.262
85100 378.745
85200 379.264
85300 379.786
85400 380.225
85500 380.526
85600 380.617
85700 380.547
85800 380.51
85900 380.626
86000 380.867
86100 381.163
86200 381.544
86300 382.135
86400 382.837
86500 383.346
86600 383.559
86700 383.623
86800 383.747
86900 383.988
87000 384.266
87100 384.48
87200 384.534
87300 384.535
87400 384.691
87500 385.062
87600 385.487
87700 385.71
87800 385.676
87900 385.637
88000 385.795
88100 386.182
88200 386.698
88300 387.172
88400 387.588
88500 388.077
88600 388.7
88700 389.41
88800 390.069
88900 390.643
89000 391.251
89100 391.988
89200 392.765
89300 393.515
89400 394.29
89500 395.096
89600 395.79
89700 396.332
89800 396.842
89900 397.369
90000 397.904
90100 398.404
90200 398.771
90300 398.913
90400 398.818
90500 398.614
90600 398.533
90700 398.697
90800 399.072
90900 399.574
91000 400.01
91100 400.252
91200 400.4
91300 400.805
91400 401.656
91500 402.742
91600 403.703
91700 404.285
91800 404.612
91900 405.054
92000 405.702
92100 406.329
92200 406.739
92300 406.905
92400 406.95
92500 407.007
92600 407.186
92700 407.633
92800 408.248
92900 408.788
93000 409.3
93100 409.963
93200 410.807
93300 411.68
93400 412.493
93500 413.256
93600 413.87
93700 414.408
93800 415.129
93900 416.156
94000 417.398
94100 418.64
94200 419.616
94300 420.154
94400 420.393
94500 420.628
94600 421.087
94700 421.746
94800 422.395
94900 422.842
95000 423.099
95100 423.266
95200 423.405
95300 423.605
95400 423.957
95500 424.433
95600 424.913
95700 425.323
95800 425.607
95900 425.845
96000 426.169
96100 426.637
96200 427.264
96300 427.991
96400 428.575
96500 428.884
96600 429.105
96700 429.577
96800 430.49
96900 431.724
97000 432.909
97100 433.691
97200 434.025
97300 434.193
97400 434.561
97500 435.305
97600 436.256
97700 437.154
97800 437.855
97900 438.329
98000 438.717
98100 439.31
98200 440.096
98300 440.805
98400 441.233
98500 441.41
98600 441.42
98700 441.417
98800 441.524
98900 441.79
99000 442.164
99100 442.524
99200 442.852
99300 443.302
99400 443.993
99500 444.771
99600 445.352
99700 445.585
99800 445.557
99900 445.497
100000 445.654
100100 445.973
100200 446.249
100300 446.344
100400 446.222
100500 445.966
100600 445.678
100700 445.531
100800 445.738
100900 446.385
101000 447.339
101100 448.366
101200 449.201
101300 449.808
101400 450.246
101500 450.618
101600 451.05
101700 451.587
101800 452.147
101900 452.508
102000 452.627
102100 452.747
102200 453.13
102300 453.731
102400 454.357
102500 455.002
102600 455.753
102700 456.588
102800 457.468
102900 458.34
103000 459.158
103100 459.911
103200 460.531
103300 460.991
103400 461.442
103500 462.017
103600 462.716
103700 463.471
103800 464.175
103900 464.711
104000 465.032
104100 465.277
104200 465.711
104300 466.46
104400 467.325
104500 468.071
104600 468.596
104700 468.94
104800 469.212
104900 469.558
105000 470.071
105100 470.822
105200 471.816
105300 472.919
105400 474.072
105500 475.158
105600 475.931
105700 476.297
105800 476.32
105900 476.243
106000 476.329
106100 476.661
106200 477.209
106300 477.821
106400 478.438
106500 479.08
106600 479.76
106700 480.48
106800 481.131
106900 481.722
107000 482.489
107100 483.497
107200 484.635
107300 485.859
107400 487.087
107500 488.121
107600 488.949
107700 489.635
107800 490.228
107900 490.762
108000 491.197
108100 491.514
108200 491.744
108300 491.904
108400 491.917
108500 491.772
108600 491.584
108700 491.474
108800 491.495
108900 491.658
109000 491.975
109100 492.486
109200 493.165
109300 493.876
109400 494.522
109500 495.106
109600 495.71
109700 496.44
109800 497.309
109900 498.087
110000 498.544
110100 498.726
110200 498.888
110300 499.316
110400 500.063
110500 500.937
110600 501.799
110700 502.637
110800 503.365
110900 503.952
111000 504.554
111100 505.282
111200 506.087
111300 506.856
111400 507.446
111500 507.857
111600 508.208
111700 508.529
111800 508.813
111900 509.052
112000 509.187
112100 509.272
112200 509.489
112300 509.906
112400 510.465
112500 511.108
112600 511.826
112700 512.673
112800 513.597
112900 514.456
113000 515.251
113100 516.115
113200 517.109
113300 518.244
113400 519.454
113500 520.559
113600 521.371
113700 521.904
113800 522.472
113900 523.325
114000 524.513
114100 525.86
114200 527.06
114300 527.924
114400 528.57
114500 529.206
114600 529.908
114700 530.74
114800 531.759
114900 532.789
115000 533.591
115100 534.094
115200 534.411
115300 534.81
115400 535.465
115500 536.301
115600 537.167
115700 537.942
115800 538.524
115900 538.952
116000 539.322
116100 539.602
116200 539.789
116300 539.992
116400 540.346
116500 540.845
116600 541.42
116700 542.032
116800 542.637
116900 543.275
117000 543.957
117100 544.596
117200 545.143
117300 545.667
117400 546.243
117500 546.789
117600 547.109
117700 547.137
117800 547.057
117900 547.051
118000 547.134
118100 547.35
118200 547.884
118300 548.793
118400 549.842
118500 550.792
118600 551.687
118700 552.598
118800 553.484
118900 554.249
119000 554.923
119100 555.617
119200 556.371
119300 557.249
119400 558.291
119500 559.33
119600 560.201
119700 560.852
119800 561.246
119900 561.494
120000 561.876
120100 562.415
120200 562.853
120300 562.985
120400 562.92
120500 562.918
120600 563.215
120700 563.788
120800 564.367
120900 564.769
121000 565.056
121100 565.355
121200 565.725
121300 566.122
121400 566.584
121500 567.29
121600 568.27
121700 569.337
121800 570.273
121900 571.133
122000 572.102
122100 573.289
122200 574.633
122300 575.905
122400 576.904
122500 577.697
122600 578.476
122700 579.238
122800 579.847
122900 580.244
123000 580.408
123100 580.391
123200 580.297
123300 580.231
123400 580.209
123500 580.272
123600 580.471
123700 580.895
123800 581.644
123900 582.708
124000 583.972
124100 585.202
124200 586.149
124300 586.73
124400 587.043
124500 587.339
124600 587.814
124700 588.447
124800 589.228
124900 590.179
125000 591.136
125100 592.03
125200 592.871
125300 593.629
125400 594.403
125500 595.324
125600 596.277
125700 597.062
125800 597.641
125900 598.178
126000 598.712
126100 599.073
126200 599.294
126300 599.609
126400 600.136
126500 600.806
126600 601.493
126700 602.038
126800 602.455
126900 602.969
127000 603.599
127100 604.052
127200 604.158
127300 604.032
127400 603.992
127500 604.175
127600 604.565
127700 605.033
127800 605.381
127900 605.557
128000 605.719
128100 606.078
128200 606.705
128300 607.514
128400 608.251
128500 608.828
128600 609.317
128700 609.753
128800 610.056
128900 610.109
129000 610.042
129100 610.227
129200 610.847
129300 611.819
129400 612.901
129500 613.93
129600 614.888
129700 615.771
129800 616.596
129900 617.309
130000 617.858
130100 618.416
130200 619.141
130300 619.918
130400 620.582
130500 621.11
130600 621.565
130700 621.989
130800 622.431
130900 622.949
131000 623.495
131100 623.939
131200 624.31
131300 624.702
131400 625.093
131500 625.338
131600 625.383
131700 625.379
131800 625.57
131900 626.107
132000 626.972
132100 627.972
132200 628.812
132300 629.317
132400 629.506
132500 629.589
132600 629.768
132700 630.138
132800 630.507
132900 630.597
133000 630.377
133100 630.045
133200 629.814
133300 629.835
133400 630.174
133500 630.774
133600 631.417
133700 631.892
133800 632.168
133900 632.338
134000 632.503
134100 632.694
134200 632.904
134300 633.122
134400 633.359
134500 633.621
134600 633.896
134700 634.208
134800 634.627
134900 635.183
135000 635.87
135100 636.623
135200 637.31
135300 637.979
135400 638.694
135500 639.352
135600 639.946
135700 640.592
135800 641.317
135900 641.927
136000 642.304
136100 642.482
136200 642.489
136300 642.363
136400 642.272
136500 642.431
136600 642.834
136700 643.377
136800 643.988
136900 644.61
137000 645.126
137100 645.528
137200 645.979
137300 646.558
137400 647.22
137500 647.96
137600 648.776
137700 649.673
137800 650.717
137900 651.906
138000 653.069
138100 654.054
138200 654.935
138300 655.817
138400 656.759
138500 657.652
138600 658.455
138700 659.297
138800 660.175
138900 661.04
139000 661.779
139100 662.319
139200 662.744
139300 663.12
139400 663.438
139500 663.777
139600 664.331
139700 665.172
139800 666.091
139900 666.917
140000 667.634
140100 668.184
140200 668.55
140300 668.889
140400 669.276
140500 669.733
140600 670.362
140700 671.146
140800 671.817
140900 672.25
141000 672.676
141100 673.384
141200 674.381
141300 675.362
141400 676.063
141500 676.52
141600 676.994
141700 677.739
141800 678.831
141900 680.18
142000 681.593
142100 682.869
142200 683.881
142300 684.686
142400 685.327
142500 685.813
142600 686.24
142700 686.725
142800 687.27
142900 687.874
143000 688.514
143100 689.092
143200 689.547
143300 689.919
143400 690.257
143500 690.684
143600 691.33
143700 692.206
143800 693.205
143900 694.152
144000 694.967
144100 695.677
144200 696.392
144300 697.177
144400 698.05
144500 698.974
144600 699.77
144700 700.395
144800 700.968
144900 701.544
145000 702.077
145100 702.686
145200 703.52
145300 704.472
145400 705.259
145500 705.69
145600 705.747
145700 705.602
145800 705.455
145900 705.38
146000 705.341
146100 705.351
146200 705.592
146300 706.214
146400 707.098
146500 707.994
146600 708.864
146700 709.866
146800 711.006
146900 712.123
147000 713.026
147100 713.499
147200 713.566
147300 713.488
147400 713.589
147500 714.042
147600 714.861
147700 715.958
147800 717.071
147900 717.959
148000 718.616
148100 719.215
148200 720.01
148300 721.201
148400 722.621
148500 723.904
148600 724.782
148700 725.25
148800 725.508
148900 725.839
149000 726.48
149100 727.526
149200 728.801
149300 729.906
149400 730.565
149500 730.925
149600 731.211
149700 731.454
149800 731.765
149900 732.386
150000 733.295
150100 734.303
150200 735.261
150300 736.066
150400 736.66
150500 737.015
150600 737.189
150700 737.309
150800 737.54
150900 737.982
151000 738.628
151100 739.272
151200 739.551
151300 739.341
151400 738.826
151500 738.373
151600 738.306
151700 738.778
151800 739.7
151900 740.924
152000 742.218
152100 743.35
152200 744.265
152300 745.074
152400 745.89
152500 746.775
152600 747.79
152700 748.97
152800 750.215
152900 751.372
153000 752.385
153100 753.277
153200 754.18
153300 755.091
153400 755.851
153500 756.368
153600 756.758
153700 757.256
153800 757.958
153900 758.841
154000 759.714
154100 760.275
154200 760.535
154300 760.676
154400 760.739
154500 760.695
154600 760.637
154700 760.682
154800 760.884
154900 761.277
155000 761.83
155100 762.335
155200 762.603
155300 762.685
155400 762.798
155500 763.082
155600 763.544
155700 764.244
155800 765.216
155900 766.29
156000 767.118
156100 767.551
156200 767.829
156300 768.273
156400 768.983
156500 769.894
156600 770.864
156700 771.817
156800 772.769
156900 773.677
157000 774.391
157100 774.809
157200 775.098
157300 775.51
157400 776.175
157500 777.143
157600 778.381
157700 779.702
157800 780.885
157900 781.799
158000 782.495
158100 783.1
158200 783.677
158300 784.277
158400 784.949
158500 785.705
158600 786.657
158700 787.823
158800 788.99
158900 789.948
159000 790.754
159100 791.687
159200 792.93
159300 794.329
159400 795.642
159500 796.786
159600 797.734
159700 798.509
159800 799.22
159900 799.967
160000 800.799
160100 801.582
160200 802.093
160300 802.278
160400 802.323
160500 802.518
160600 802.948
160700 803.455
160800 804.016
160900 804.738
161000 805.544
161100 806.32
161200 807.081
161300 807.845
161400 808.53
161500 809.124
161600 809.671
161700 810.188
161800 810.726
161900 811.355
162000 812.056
162100 812.708
162200 813.287
162300 813.84
162400 814.311
162500 814.644
162600 814.928
162700 815.284
162800 815.766
162900 816.332
163000 816.818
163100 817.159
163200 817.493
163300 818.119
163400 819.166
163500 820.503
163600 821.817
163700 822.861
163800 823.668
163900 824.401
164000 825.16
164100 825.873
164200 826.437
164300 826.838
164400 827.095
164500 827.292
164600 827.557
164700 827.898
164800 828.246
164900 828.654
165000 829.294
165100 830.294
165200 831.535
165300 832.687
165400 833.575
165500 834.253
165600 834.821
165700 835.343
165800 835.879
165900 836.448
166000 837.066
166100 837.705
166200 838.359
166300 839.042
166400 839.739
166500 840.569
166600 841.719
166700 843.13
166800 844.512
166900 845.629
167000 846.442
167100 847.073
167200 847.657
167300 848.135
167400 848.545
167500 849.154
167600 850.151
167700 851.523
167800 853.071
167900 854.566
168000 855.834
168100 856.931
168200 858.046
168300 859.232
168400 860.443
168500 861.665
168600 862.861
168700 863.861
168800 864.532
168900 864.911
169000 865.13
169100 865.289
169200 865.509
169300 865.929
169400 866.51
169500 867.097
169600 867.642
169700 868.197
169800 868.803
169900 869.383
170000 869.808
170100 870.038
170200 870.149
170300 870.262
170400 870.552
170500 871.165
170600 872.113
170700 873.218
170800 874.246
170900 875.044
171000 875.558
171100 875.817
171200 875.943
171300 876.119
171400 876.432
171500 876.909
171600 877.438
171700 877.766
171800 877.815
171900 877.884
172000 878.423
172100 879.452
172200 880.576
172300 881.265
172400 881.443
172500 881.507
172600 881.778
172700 882.245
172800 882.769
172900 883.238
173000 883.658
173100 884.084
173200 884.622
173300 885.354
173400 886.19
173500 887.077
173600 887.998
173700 888.881
173800 889.657
173900 890.393
174000 891.269
174100 892.359
174200 893.557
174300 894.761
174400 896.005
174500 897.317
174600 898.7
174700 900.053
174800 901.244
174900 902.345
175000 903.538
175100 904.835
175200 906.069
175300 907.084
175400 907.693
175500 907.79
175600 907.58
175700 907.55
175800 907.969
175900 908.644
176000 909.316
176100 909.981
176200 910.755
176300 911.587
176400 912.36
176500 913.008
176600 913.534
176700 913.928
176800 914.286
176900 914.813
177000 915.622
177100 916.627
177200 917.693
177300 918.917
177400 920.432
177500 922.033
177600 923.367
177700 924.35
177800 925.189
177900 926.187
178000 927.326
178100 928.279
178200 928.825
178300 929.118
178400 929.333
178500 929.543
178600 929.815
178700 930.28
178800 931.001
178900 931.874
179000 932.721
179100 933.38
179200 933.817
179300 934.216
179400 934.939
179500 936.028
179600 937.242
179700 938.327
179800 939.279
179900 940.139
180000 941.057
180100 942.168
180200 943.419
180300 944.68
180400 945.876
180500 947.037
180600 948.118
180700 949.15
180800 950.202
180900 951.108
181000 951.681
181100 951.893
181200 951.755
181300 951.466
181400 951.327
181500 951.507
181600 951.938
181700 952.618
181800 953.537
181900 954.544
182000 955.459
182100 956.117
182200 956.367
182300 956.235
182400 955.845
182500 955.415
182600 955.144
182700 955.158
182800 955.529
182900 956.194
183000 957.037
183100 958.022
183200 959.027
183300 959.991
183400 960.931
183500 961.77
183600 962.502
183700 963.284
183800 964.267
183900 965.486
184000 966.807
184100 968.055
184200 969.106
184300 969.96
184400 970.662
184500 971.109
184600 971.244
184700 971.155
184800 970.997
184900 970.899
185000 970.973
185100 971.258
185200 971.724
185300 972.267
185400 972.77
185500 973.196
185600 973.549
185700 973.795
185800 973.889
185900 973.928
186000 974.031
186100 974.171
186200 974.274
186300 974.314
186400 974.407
186500 974.651
186600 974.973
186700 975.294
186800 975.547
186900 975.695
187000 975.812
187100 975.871
187200 975.844
187300 975.832
187400 975.882
187500 976
187600 976.182
187700 976.348
187800 976.463
187900 976.656
188000 977.095
188100 977.805
188200 978.658
188300 979.396
188400 979.886
188500 980.272
188600 980.697
188700 981.116
188800 981.46
188900 981.719
189000 981.921
189100 982.169
189200 982.46
189300 982.587
189400 982.393
189500 982.034
189600 981.839
189700 981.933
189800 982.149
189900 982.397
190000 982.69
190100 983.054
190200 983.417
190300 983.629
190400 983.685
190500 983.781
190600 984.065
190700 984.609
190800 985.395
190900 986.377
191000 987.507
191100 988.689
191200 989.73
191300 990.514
191400 991.192
191500 992.074
191600 993.314
191700 994.835
191800 996.43
191900 997.984
192000 999.428
192100 1000.64
192200 1001.59
192300 1002.22
192400 1002.54
192500 1002.75
192600 1003.12
192700 1003.74
192800 1004.5
192900 1005.36
193000 1006.32
193100 1007.33
193200 1008.31
193300 1009.28
193400 1010.25
193500 1011.22
193600 1012.15
193700 1013.12
193800 1014.23
193900 1015.44
194000 1016.7
194100 1017.74
194200 1018.42
194300 1018.76
194400 1018.81
194500 1018.62
194600 1018.36
194700 1018.1
194800 1017.86
194900 1017.8
195000 1018.07
195100 1018.52
195200 1018.87
195300 1019
195400 1019.13
195500 1019.42
195600 1019.73
195700 1019.9
195800 1019.96
195900 1020.01
196000 1020.07
196100 1020.17
196200 1020.35
196300 1020.76
196400 1021.52
196500 1022.62
196600 1023.85
196700 1025.03
196800 1026.14
196900 1027.22
197000 1028.12
197100 1028.55
197200 1028.5
197300 1028.3
197400 1028.28
197500 1028.6
197600 1029.07
197700 1029.49
197800 1029.78
197900 1030.01
198000 1030.34
198100 1030.8
198200 1031.3
198300 1031.67
198400 1031.95
198500 1032.26
198600 1032.64
198700 1033.12
198800 1033.64
198900 1034.24
199000 1035.19
199100 1036.65
199200 1038.37
199300 1039.84
199400 1040.82
199500 1041.4
199600 1041.78
199700 1042.26
199800 1043.06
199900 1044.28
200000 1045.92
200100 1047.77
200200 1049.48
200300 1050.89
200400 1052.09
200500 1053.2
200600 1054.28
200700 1055.28
200800 1056.01
200900 1056.37
201000 1056.38
201100 1056.16
201200 1055.98
201300 1056.04
201400 1056.37
201500 1056.94
201600 1057.68
201700 1058.53
201800 1059.43
201900 1060.3
202000 1061.03
202100 1061.57
202200 1061.92
202300 1062.15
202400 1062.53
202500 1063.31
202600 1064.49
202700 1065.86
202800 1067.15
202900 1068.13
203000 1068.76
203100 1069.14
203200 1069.41
203300 1069.58
203400 1069.61
203500 1069.67
203600 1070.04
203700 1070.79
203800 1071.76
203900 1072.67
204000 1073.3
204100 1073.57
204200 1073.79
204300 1074.2
204400 1074.86
204500 1075.6
204600 1076.25
204700 1076.7
204800 1077.04
204900 1077.41
205000 1077.74
205100 1078.05
205200 1078.56
205300 1079.46
205400 1080.77
205500 1082.23
205600 1083.45
205700 1084.25
205800 1084.75
205900 1085.16
206000 1085.57
206100 1085.99
206200 1086.28
206300 1086.35
206400 1086.39
206500 1086.58
206600 1086.91
206700 1087.18
206800 1087.34
206900 1087.53
207000 1087.87
207100 1088.43
207200 1089.39
207300 1090.76
207400 1092.55
207500 1094.55
207600 1096.4
207700 1097.95
207800 1099.12
207900 1099.98
208000 1100.78
208100 1101.75
208200 1102.81
208300 1103.81
208400 1104.69
208500 1105.38
208600 1105.91
208700 1106.37
208800 1106.91
208900 1107.6
209000 1108.42
209100 1109.31
209200 1110.27
209300 1111.33
209400 1112.35
209500 1113.21
209600 1114
209700 1114.68
209800 1115.18
209900 1115.48
210000 1115.75
210100 1116.24
210200 1117.17
210300 1118.75
210400 1121.06
210500 1123.96
210600 1126.92
210700 1129.36
210800 1131.04
210900 1132.15
211000 1133.07
211100 1134.08
211200 1135.27
211300 1136.57
211400 1137.98
211500 1139.41
211600 1140.68
211700 1141.63
211800 1142.24
211900 1142.66
212000 1142.95
212100 1143.22
212200 1143.68
212300 1144.48
212400 1145.6
212500 1147.03
212600 1148.65
212700 1150.18
212800 1151.35
212900 1152.12
213000 1152.66
213100 1153.35
213200 1154.46
213300 1155.99
213400 1157.73
213500 1159.45
213600 1160.97
213700 1162.3
213800 1163.51
213900 1164.66
214000 1165.74
214100 1166.69
214200 1167.43
214300 1167.95
214400 1168.39
214500 1168.98
214600 1169.81
214700 1170.82
214800 1171.97
214900 1173.19
215000 1174.19
215100 1174.72
215200 1174.91
215300 1175.26
215400 1176.22
215500 1177.97
215600 1180.21
215700 1182.49
215800 1184.53
215900 1186.07
216000 1186.88
216100 1187.05
216200 1186.92
216300 1186.93
216400 1187.31
216500 1187.95
216600 1188.52
216700 1188.78
216800 1188.83
216900 1188.97
217000 1189.39
217100 1190.01
217200 1190.8
217300 1191.74
217400 1192.8
217500 1193.98
217600 1195.25
217700 1196.64
217800 1198.27
217900 1200.23
218000 1202.18
218100 1203.74
218200 1204.59
218300 1204.88
218400 1205
218500 1205
218600 1204.81
218700 1204.64
218800 1204.93
218900 1205.83
219000 1207.21
219100 1208.82
219200 1210.46
219300 1211.79
219400 1212.61
219500 1213.14
219600 1213.79
219700 1214.79
219800 1216.09
219900 1217.49
220000 1218.99
220100 1220.49
220200 1221.8
220300 1222.73
220400 1223.22
220500 1223.33
220600 1223.38
220700 1223.72
220800 1224.31
220900 1224.96
221000 1225.66
221100 1226.46
221200 1227.35
221300 1228.17
221400 1228.79
221500 1229.24
221600 1229.5
221700 1229.63
221800 1229.8
221900 1230.15
222000 1230.64
222100 1231.13
222200 1231.46
222300 1231.61
222400 1231.67
222500 1231.69
222600 1231.72
222700 1231.91
222800 1232.46
222900 1233.37
223000 1234.41
223100 1235.45
223200 1236.48
223300 1237.4
223400 1238.24
223500 1239.09
223600 1240.12
223700 1241.39
223800 1242.82
223900 1244.39
224000 1246.2
224100 1248.12
224200 1249.99
224300 1251.73
224400 1253.33
224500 1254.78
224600 1256.1
224700 1257.28
224800 1258.33
224900 1259.53
225000 1261.1
225100 1262.87
225200 1264.49
225300 1265.71
225400 1266.35
225500 1266.43
225600 1266.3
225700 1266.31
225800 1266.81
225900 1267.96
226000 1269.51
226100 1270.99
226200 1272.07
226300 1272.85
226400 1273.59
226500 1274.45
226600 1275.4
226700 1276.33
226800 1277.19
226900 1277.86
227000 1278.29
227100 1278.64
227200 1279.15
227300 1280
227400 1281.19
227500 1282.58
227600 1283.93
227700 1285.06
227800 1285.96
227900 1286.69
228000 1287.38
228100 1288.2
228200 1289.2
228300 1290.34
228400 1291.6
228500 1293.03
228600 1294.54
228700 1295.99
228800 1297.33
228900 1298.58
229000 1299.73
229100 1300.75
229200 1301.66
229300 1302.26
229400 1302.56
229500 1302.79
229600 1303.19
229700 1303.9
229800 1304.92
229900 1306.1
230000 1307.14
230100 1307.87
230200 1308.2
230300 1308.12
230400 1307.74
230500 1307.45
230600 1307.56
230700 1308.06
230800 1308.68
230900 1309.23
231000 1309.73
231100 1310.3
231200 1311.04
231300 1311.9
231400 1312.9
231500 1314.06
231600 1315.37
231700 1316.73
231800 1317.98
231900 1318.92
232000 1319.58
232100 1320.15
232200 1320.88
232300 1321.79
232400 1322.86
232500 1324.12
232600 1325.3
232700 1326.06
232800 1326.46
232900 1326.87
233000 1327.57
233100 1328.55
233200 1329.67
233300 1330.86
233400 1332.01
233500 1332.98
233600 1333.56
233700 1333.68
233800 1333.53
233900 1333.52
234000 1334
234100 1335.05
234200 1336.38
234300 1337.74
234400 1339.03
234500 1340.25
234600 1341.56
234700 1343.07
234800 1344.69
234900 1346.29
235000 1347.77
235100 1349.04
235200 1350.1
235300 1351
235400 1351.73
235500 1352.3
235600 1352.79
235700 1353.21
235800 1353.64
235900 1354.22
236000 1355.14
236100 1356.49
236200 1358.15
236300 1359.87
236400 1361.45
236500 1362.74
236600 1363.65
236700 1364.28
236800 1364.89
236900 1365.59
237000 1366.31
237100 1367.09
237200 1368.08
237300 1369.42
237400 1371.11
237500 1372.92
237600 1374.52
237700 1375.78
237800 1376.75
237900 1377.58
238000 1378.5
238100 1379.6
238200 1380.78
238300 1381.96
238400 1383.19
238500 1384.57
238600 1386.11
238700 1387.59
238800 1388.95
238900 1390.21
239000 1391.42
239100 1392.65
239200 1394.03
239300 1395.67
239400 1397.41
239500 1399.05
239600 1400.48
239700 1401.61
239800 1402.45
239900 1403.07
240000 1403.4
240100 1403.5
240200 1403.62
240300 1403.96
240400 1404.66
240500 1405.65
240600 1406.79
240700 1407.89
240800 1408.91
240900 1409.81
241000 1410.71
241100 1411.8
241200 1413.13
241300 1414.51
241400 1415.69
241500 1416.77
241600 1418.04
241700 1419.58
241800 1421.14
241900 1422.58
242000 1423.81
242100 1424.63
242200 1424.99
242300 1425.04
242400 1424.95
242500 1424.88
242600 1424.9
242700 1425.06
242800 1425.49
242900 1426.26
243000 1427.35
243100 1428.59
243200 1429.76
243300 1430.78
243400 1431.59
243500 1432.11
243600 1432.26
243700 1432.19
243800 1432.16
243900 1432.42
244000 1433.09
244100 1434.02
244200 1434.99
244300 1435.87
244400 1436.7
244500 1437.52
244600 1438.24
244700 1438.7
244800 1438.98
244900 1439.23
245000 1439.61
245100 1440.25
245200 1441.27
245300 1442.61
245400 1443.95
245500 1445.03
245600 1445.98
245700 1446.93
245800 1447.88
245900 1448.76
246000 1449.5
246100 1450.16
246200 1450.76
246300 1451.22
246400 1451.56
246500 1451.99
246600 1452.65
246700 1453.58
246800 1454.74
246900 1455.94
247000 1457.01
247100 1457.96
247200 1458.85
247300 1459.75
247400 1460.68
247500 1461.73
247600 1462.97
247700 1464.34
247800 1465.64
247900 1466.77
248000 1467.83
248100 1469.07
248200 1470.65
248300 1472.35
248400 1473.91
248500 1475.2
248600 1476.17
248700 1476.86
248800 1477.25
248900 1477.29
249000 1477.09
249100 1476.89
249200 1476.86
249300 1476.99
249400 1477.18
249500 1477.51
249600 1478.12
249700 1478.88
249800 1479.43
249900 1479.65
250000 1479.81
