# Time-averaged data for fix 9
# TimeStep c_msd[4]
100 0.0135615
200 0.112361
300 0.307778
400 0.534213
500 0.766641
600 1.0196
700 1.29089
800 1.57659
900 1.87191
1000 2.16942
1100 2.45902
1200 2.74934
1300 3.05394
1400 3.36201
1500 3.67483
1600 3.98588
1700 4.28913
1800 4.59243
1900 4.88293
2000 5.16472
2100 5.45353
2200 5.76229
2300 6.08038
2400 6.38744
2500 6.69147
2600 7.02047
2700 7.36694
2800 7.71057
2900 8.04479
3000 8.38227
3100 8.70653
3200 9.00271
3300 9.27533
3400 9.53817
3500 9.80241
3600 10.0553
3700 10.3103
3800 10.576
3900 10.8379
4000 11.088
4100 11.3456
4200 11.6214
4300 11.931
4400 12.2772
4500 12.6371
4600 12.9764
4700 13.2903
4800 13.5671
4900 13.8398
5000 14.1372
5100 14.4592
5200 14.7756
5300 15.0608
5400 15.33
5500 15.6395
5600 16.006
5700 16.3856
5800 16.762
5900 17.1387
6000 17.4766
6100 17.7545
6200 18.0081
6300 18.2775
6400 18.584
6500 18.9208
6600 19.2396
6700 19.5307
6800 19.8118
6900 20.0809
7000 20.3654
7100 20.6965
7200 21.0521
7300 21.3662
7400 21.6036
7500 21.7703
7600 21.9337
7700 22.1801
7800 22.5103
7900 22.8696
8000 23.2123
8100 23.5377
8200 23.8557
8300 24.1909
8400 24.53
8500 24.8487
8600 25.1532
8700 25.4647
8800 25.7608
8900 26.0187
9000 26.2577
9100 26.5196
9200 26.826
9300 27.137
9400 27.4063
9500 27.6691
9600 27.9374
9700 28.1769
9800 28.3857
9900 28.6272
10000 28.9204
10100 29.2642
10200 29.6628
10300 30.0736
10400 30.4535
10500 30.8121
10600 31.1554
10700 31.4725
10800 31.7474
10900 31.9611
11000 32.1016
11100 32.2068
11200 32.3433
11300 32.5999
11400 32.9784
11500 33.3794
11600 33.7039
11700 33.9509
11800 34.1687
11900 34.4631
12000 34.8893
12100 35.3541
12200 35.7757
12300 36.122
12400 36.4314
12500 36.7289
12600 37.0421
12700 37.3829
12800 37.7821
12900 38.2028
13000 38.6127
13100 39.0062
13200 39.3975
13300 39.7925
13400 40.1942
13500 40.5861
13600 40.966
13700 41.3351
13800 41.6578
13900 41.9207
14000 42.1536
14100 42.3867
14200 42.6489
14300 42.9508
14400 43.246
14500 43.5085
14600 43.7583
14700 44.0308
14800 44.343
14900 44.6677
15000 45.0013
15100 45.3232
15200 45.6186
15300 45.867
15400 46.0901
15500 46.3041
15600 46.5128
15700 46.7273
15800 46.9929
15900 47.3085
16000 47.633
16100 47.9047
16200 48.1414
16300 48.4479
16400 48.8561
16500 49.3015
16600 49.7135
16700 50.0826
16800 50.432
16900 50.7576
17000 51.0423
17100 51.3314
17200 51.6869
17300 52.1093
17400 52.5243
17500 52.8793
17600 53.2484
17700 53.7045
17800 54.2272
17900 54.7091
18000 55.0979
18100 55.3761
18200 55.5797
18300 55.7943
18400 56.0901
18500 56.4438
18600 56.7404
18700 56.952
18800 57.121
18900 57.2711
19000 57.3951
19100 57.4655
19200 57.5262
19300 57.6829
19400 57.955
19500 58.3094
19600 58.6749
19700 59.0073
19800 59.3039
19900 59.5818
20000 59.8232
20100 59.981
20200 60.1285
20300 60.3618
20400 60.6862
20500 61.0261
20600 61.3285
20700 61.6072
20800 61.9111
20900 62.2754
21000 62.6466
21100 62.9917
21200 63.2661
21300 63.5197
21400 63.8719
21500 64.3391
21600 64.7457
21700 65.012
21800 65.2606
21900 65.647
22000 66.2147
22100 66.8312
22200 67.2988
22300 67.5809
22400 67.8087
22500 68.164
22600 68.6723
22700 69.2066
22800 69.6599
22900 70.0552
23000 70.4357
23100 70.831
23200 71.283
23300 71.7147
23400 72.0473
23500 72.2239
23600 72.2886
23700 72.4275
23800 72.7393
23900 73.1273
24000 73.5104
24100 73.8402
24200 74.1176
24300 74.3844
24400 74.692
24500 75.0513
24600 75.405
24700 75.7016
24800 75.937
24900 76.1935
25000 76.6025
25100 77.1344
25200 77.6216
25300 77.9244
25400 78.0971
25500 78.2251
25600 78.3605
25700 78.5633
25800 78.8641
25900 79.2277
26000 79.6164
26100 79.9922
26200 80.3681
26300 80.7442
26400 81.136
26500 81.582
26600 82.0703
26700 82.5615
26800 83.0004
26900 83.3865
27000 83.757
27100 84.1234
27200 84.4936
27300 84.8858
27400 85.2891
27500 85.6199
27600 85.7934
27700 85.8484
27800 86.0019
27900 86.3729
28000 86.8259
28100 87.1965
28200 87.4825
28300 87.7905
28400 88.165
28500 88.5438
28600 88.8806
28700 89.174
28800 89.4617
28900 89.836
29000 90.3078
29100 90.7532
29200 91.0455
29300 91.24
29400 91.5131
29500 91.8815
29600 92.1858
29700 92.3036
29800 92.2399
29900 92.1927
30000 92.3159
30100 92.6107
30200 92.9825
30300 93.3204
30400 93.5652
30500 93.7892
30600 94.0957
30700 94.4593
30800 94.7937
30900 95.091
31000 95.3629
31100 95.6841
31200 96.0699
31300 96.44
31400 96.7713
31500 97.1235
31600 97.5482
31700 98.0435
31800 98.5696
31900 99.0529
32000 99.3829
32100 99.5913
32200 99.7671
32300 100.003
32400 100.306
32500 100.655
32600 101.073
32700 101.512
32800 101.858
32900 102.122
33000 102.415
33100 102.783
33200 103.138
33300 103.401
33400 103.576
33500 103.756
33600 104.023
33700 104.4
33800 104.824
33900 105.248
34000 105.645
34100 106.007
34200 106.368
34300 106.756
34400 107.206
34500 107.726
34600 108.244
34700 108.66
34800 108.99
34900 109.28
35000 109.567
35100 109.914
35200 110.418
35300 111.09
35400 111.838
35500 112.519
35600 113.062
35700 113.561
35800 114.148
35900 114.791
36000 115.373
36100 115.765
36200 116.046
36300 116.352
36400 116.75
36500 117.211
36600 117.701
36700 118.179
36800 118.58
36900 118.898
37000 119.222
37100 119.577
37200 119.92
37300 120.227
37400 120.502
37500 120.679
37600 120.757
37700 120.839
37800 120.999
37900 121.211
38000 121.38
38100 121.503
38200 121.582
38300 121.685
38400 121.933
38500 122.36
38600 122.903
38700 123.507
38800 124.129
38900 124.637
39000 124.946
39100 125.17
39200 125.429
39300 125.695
39400 125.928
39500 126.154
39600 126.393
39700 126.649
39800 126.98
39900 127.48
40000 128.133
40100 128.805
40200 129.337
40300 129.686
40400 129.94
40500 130.231
40600 130.632
40700 131.13
40800 131.597
40900 131.995
41000 132.386
41100 132.808
41200 133.182
41300 133.48
41400 133.831
41500 134.296
41600 134.84
41700 135.424
41800 135.98
41900 136.436
42000 136.858
42100 137.318
42200 137.797
42300 138.271
42400 138.761
42500 139.264
42600 139.737
42700 140.151
42800 140.487
42900 140.731
43000 140.977
43100 141.331
43200 141.739
43300 142.124
43400 142.453
43500 142.768
43600 143.115
43700 143.445
43800 143.688
43900 143.824
44000 143.928
44100 144.031
44200 144.113
44300 144.22
44400 144.42
44500 144.749
44600 145.131
44700 145.397
44800 145.535
44900 145.685
45000 145.928
45100 146.289
45200 146.686
45300 146.991
45400 147.198
45500 147.446
45600 147.841
45700 148.369
45800 148.936
45900 149.454
46000 149.895
46100 150.307
46200 150.758
46300 151.257
46400 151.758
46500 152.166
46600 152.476
46700 152.815
46800 153.243
46900 153.71
47000 154.143
47100 154.527
47200 154.875
47300 155.158
47400 155.391
47500 155.644
47600 155.911
47700 156.191
47800 156.524
47900 156.862
48000 157.101
48100 157.245
48200 157.39
48300 157.572
48400 157.827
48500 158.282
48600 158.947
48700 159.669
48800 160.261
48900 160.642
49000 160.905
49100 161.17
49200 161.507
49300 162
49400 162.693
49500 163.521
49600 164.282
49700 164.865
49800 165.295
49900 165.59
50000 165.806
50100 166.034
50200 166.284
50300 166.539
50400 166.865
50500 167.351
50600 167.962
50700 168.571
50800 169.07
50900 169.432
51000 169.643
51100 169.753
51200 169.862
51300 170.051
51400 170.307
51500 170.617
51600 170.94
51700 171.224
51800 171.519
51900 171.884
52000 172.299
52100 172.768
52200 173.253
52300 173.654
52400 173.952
52500 174.335
52600 175.033
52700 175.969
52800 176.854
52900 177.481
53000 177.835
53100 178.048
53200 178.338
53300 178.824
53400 179.47
53500 180.161
53600 180.759
53700 181.201
53800 181.525
53900 181.814
54000 182.175
54100 182.617
54200 183.121
54300 183.643
54400 184.098
54500 184.489
54600 184.851
54700 185.247
54800 185.663
54900 186.041
55000 186.357
55100 186.618
55200 186.881
55300 187.262
55400 187.811
55500 188.497
55600 189.283
55700 190.021
55800 190.596
55900 190.988
56000 191.247
56100 191.42
56200 191.529
56300 191.654
56400 191.93
56500 192.392
56600 192.867
56700 193.165
56800 193.326
56900 193.512
57000 193.83
57100 194.26
57200 194.703
57300 195.138
57400 195.611
57500 196.131
57600 196.622
57700 196.945
57800 197.027
57900 196.997
58000 197.041
58100 197.305
58200 197.785
58300 198.274
58400 198.614
58500 198.836
58600 199.028
58700 199.253
58800 199.524
58900 199.86
59000 200.271
59100 200.624
59200 200.763
59300 200.689
59400 200.552
59500 200.558
59600 200.823
59700 201.323
59800 201.954
59900 202.603
60000 203.132
60100 203.447
60200 203.511
60300 203.461
60400 203.54
60500 203.876
60600 204.348
60700 204.736
60800 205.032
60900 205.34
61000 205.671
61100 205.963
61200 206.202
61300 206.457
61400 206.812
61500 207.214
61600 207.534
61700 207.742
61800 207.899
61900 208.094
62000 208.404
62100 208.811
62200 209.214
62300 209.586
62400 210.021
62500 210.598
62600 211.295
62700 211.955
62800 212.505
62900 212.956
63000 213.304
63100 213.597
63200 213.848
63300 214.069
63400 214.371
63500 214.834
63600 215.474
63700 216.158
63800 216.656
63900 216.978
64000 217.307
64100 217.746
64200 218.328
64300 219.029
64400 219.816
64500 220.483
64600 220.871
64700 221.096
64800 221.323
64900 221.614
65000 221.967
65100 222.283
65200 222.481
65300 222.659
65400 222.929
65500 223.347
65600 223.881
65700 224.464
65800 225.023
65900 225.549
66000 225.951
66100 226.186
66200 226.376
66300 226.793
66400 227.534
66500 228.457
66600 229.326
66700 230.037
66800 230.646
66900 231.177
67000 231.628
67100 232.092
67200 232.689
67300 233.361
67400 233.976
67500 234.521
67600 234.967
67700 235.258
67800 235.477
67900 235.813
68000 236.318
68100 236.876
68200 237.322
68300 237.591
68400 237.725
68500 237.845
68600 238.076
68700 238.466
68800 239.045
68900 239.793
69000 240.572
69100 241.254
69200 241.768
69300 242.097
69400 242.29
69500 242.442
69600 242.593
69700 242.743
69800 242.923
69900 243.233
70000 243.768
70100 244.473
70200 245.232
70300 245.978
70400 246.602
70500 247.036
70600 247.338
70700 247.643
70800 248.059
70900 248.587
71000 249.15
71100 249.667
71200 250.132
71300 250.535
71400 250.895
71500 251.305
71600 251.759
71700 252.188
71800 252.56
71900 252.969
72000 253.408
72100 253.834
72200 254.222
72300 254.553
72400 254.841
72500 255.077
72600 255.268
72700 255.429
72800 255.538
72900 255.633
73000 255.848
73100 256.288
73200 256.906
73300 257.585
73400 258.224
73500 258.771
73600 259.247
73700 259.627
73800 259.937
73900 260.367
74000 261.055
74100 261.862
74200 262.608
74300 263.222
74400 263.761
74500 264.289
74600 264.884
74700 265.552
74800 266.169
74900 266.602
75000 266.892
75100 267.272
75200 267.952
75300 268.849
75400 269.602
75500 269.995
75600 270.119
75700 270.288
75800 270.732
75900 271.48
76000 272.34
76100 273.021
76200 273.377
76300 273.609
76400 274.045
76500 274.81
76600 275.754
76700 276.54
76800 276.957
76900 277.176
77000 277.469
77100 277.942
77200 278.517
77300 279.147
77400 279.848
77500 280.576
77600 281.239
77700 281.821
77800 282.376
77900 282.916
78000 283.429
78100 283.902
78200 284.322
78300 284.663
78400 284.996
78500 285.403
78600 285.967
78700 286.626
78800 287.16
78900 287.404
79000 287.379
79100 287.334
79200 287.538
79300 288.112
79400 288.9
79500 289.614
79600 290.042
79700 290.189
79800 290.229
79900 290.366
80000 290.731
80100 291.24
80200 291.722
80300 292.117
80400 292.45
80500 292.789
80600 293.136
80700 293.454
80800 293.731
80900 293.995
81000 294.324
81100 294.761
81200 295.268
81300 295.734
81400 296.048
81500 296.187
81600 296.2
81700 296.186
81800 296.249
81900 296.479
82000 296.901
82100 297.426
82200 297.925
82300 298.294
82400 298.57
82500 298.843
82600 299.185
82700 299.6
82800 300.017
82900 300.344
83000 300.663
83100 301.108
83200 301.684
83300 302.309
83400 302.895
83500 303.365
83600 303.729
83700 304.018
83800 304.186
83900 304.224
84000 304.282
84100 304.545
84200 305.04
84300 305.599
84400 306.082
84500 306.481
84600 306.867
84700 307.259
84800 307.663
84900 308.074
85000 308.45
85100 308.785
85200 309.143
85300 309.611
85400 310.261
85500 311.039
85600 311.758
85700 312.258
85800 312.592
85900 312.894
86000 313.184
86100 313.423
86200 313.682
86300 314.104
86400 314.714
86500 315.366
86600 315.877
86700 316.185
86800 316.3
86900 316.199
87000 315.896
87100 315.508
87200 315.206
87300 315.113
87400 315.25
87500 315.559
87600 315.935
87700 316.273
87800 316.508
87900 316.677
88000 316.942
88100 317.43
88200 318.104
88300 318.781
88400 319.259
88500 319.371
88600 319.14
88700 318.814
88800 318.676
88900 318.869
89000 319.382
89100 320.112
89200 320.92
89300 321.625
89400 322.11
89500 322.44
89600 322.777
89700 323.248
89800 323.937
89900 324.831
90000 325.779
90100 326.577
90200 327.207
90300 327.793
90400 328.438
90500 329.138
90600 329.778
90700 330.261
90800 330.612
90900 330.892
91000 331.075
91100 331.099
91200 330.998
91300 330.899
91400 330.934
91500 331.178
91600 331.617
91700 332.214
91800 332.929
91900 333.638
92000 334.349
92100 335.167
92200 336.035
92300 336.775
92400 337.395
92500 337.984
92600 338.643
92700 339.375
92800 340.042
92900 340.575
93000 341.014
93100 341.509
93200 342.103
93300 342.701
93400 343.205
93500 343.598
93600 343.974
93700 344.432
93800 345.024
93900 345.703
94000 346.351
94100 346.941
94200 347.552
94300 348.206
94400 348.852
94500 349.454
94600 349.985
94700 350.37
94800 350.555
94900 350.603
95000 350.685
95100 350.994
95200 351.526
95300 352.04
95400 352.406
95500 352.672
95600 352.87
95700 352.939
95800 352.937
95900 353.059
96000 353.423
96100 353.858
96200 354.156
96300 354.333
96400 354.546
96500 354.865
96600 355.237
96700 355.577
96800 355.911
96900 356.373
97000 357.053
97100 357.895
97200 358.693
97300 359.286
97400 359.658
97500 359.862
97600 359.941
97700 360.056
97800 360.408
97900 361.008
98000 361.696
98100 362.323
98200 362.8
98300 363.078
98400 363.291
98500 363.604
98600 364.049
98700 364.484
98800 364.823
98900 365.097
99000 365.375
99100 365.71
99200 366.15
99300 366.705
99400 367.327
99500 367.927
99600 368.474
99700 368.987
99800 369.541
99900 370.12
100000 370.643
100100 371.07
100200 371.471
100300 371.968
100400 372.583
100500 373.247
100600 373.912
100700 374.506
100800 375.05
100900 375.598
101000 376.177
101100 376.774
101200 377.27
101300 377.591
101400 377.807
101500 378.112
101600 378.636
101700 379.338
101800 380.069
101900 380.747
102000 381.386
102100 381.981
102200 382.499
102300 382.913
102400 383.212
102500 383.435
102600 383.687
102700 384.062
102800 384.57
102900 385.113
103000 385.598
103100 385.949
103200 386.166
103300 386.386
103400 386.714
103500 387.131
103600 387.551
103700 387.97
103800 388.529
103900 389.322
104000 390.313
104100 391.37
104200 392.304
104300 392.995
104400 393.444
104500 393.731
104600 393.978
104700 394.342
104800 394.978
104900 395.867
105000 396.783
105100 397.48
105200 397.952
105300 398.313
105400 398.596
105500 398.696
105600 398.567
105700 398.386
105800 398.329
105900 398.4
106000 398.562
106100 398.777
106200 399.003
106300 399.226
106400 399.437
106500 399.575
106600 399.627
106700 399.644
106800 399.723
106900 399.959
107000 400.345
107100 400.802
107200 401.186
107300 401.332
107400 401.277
107500 401.209
107600 401.26
107700 401.375
107800 401.494
107900 401.601
108000 401.728
108100 401.888
108200 402.076
108300 402.38
108400 402.961
108500 403.731
108600 404.415
108700 404.922
108800 405.302
108900 405.67
109000 406.161
109100 406.692
109200 407.084
109300 407.266
109400 407.296
109500 407.22
109600 407.119
109700 407.153
109800 407.432
109900 407.897
110000 408.373
110100 408.759
110200 409.071
110300 409.324
110400 409.509
110500 409.613
110600 409.715
110700 409.981
110800 410.418
110900 410.907
111000 411.286
111100 411.495
111200 411.561
111300 411.55
111400 411.461
111500 411.311
111600 411.269
111700 411.582
111800 412.296
111900 413.211
112000 414.111
112100 414.892
112200 415.577
112300 416.164
112400 416.656
112500 417.1
112600 417.495
112700 417.805
112800 418.069
112900 418.382
113000 418.854
113100 419.503
113200 420.277
113300 421.163
113400 422.057
113500 422.819
113600 423.325
113700 423.716
113800 424.131
113900 424.574
114000 425.001
114100 425.373
114200 425.744
114300 426.264
114400 426.998
114500 427.817
114600 428.49
114700 428.879
114800 428.974
114900 428.919
115000 428.93
115100 429.176
115200 429.689
115300 430.342
115400 431.012
115500 431.656
115600 432.269
115700 432.801
115800 433.19
115900 433.517
116000 433.979
116100 434.772
116200 435.871
116300 437.109
116400 438.264
116500 439.225
116600 439.91
116700 440.312
116800 440.543
116900 440.743
117000 441.013
117100 441.461
117200 442.081
117300 442.743
117400 443.374
117500 444.039
117600 444.77
117700 445.475
117800 445.963
117900 446.176
118000 446.302
118100 446.522
118200 446.826
118300 447.204
118400 447.727
118500 448.375
118600 448.983
118700 449.348
118800 449.484
118900 449.588
119000 449.778
119100 450.177
119200 450.889
119300 451.871
119400 452.94
119500 453.813
119600 454.349
119700 454.684
119800 455.079
119900 455.695
120000 456.471
120100 457.249
120200 457.9
120300 458.324
120400 458.565
120500 458.804
120600 459.193
120700 459.76
120800 460.436
120900 461.187
121000 461.957
121100 462.661
121200 463.264
121300 463.765
121400 464.161
121500 464.451
121600 464.649
121700 464.838
121800 465.16
121900 465.667
122000 466.27
122100 466.783
122200 467.056
122300 467.094
122400 467.089
122500 467.299
122600 467.793
122700 468.499
122800 469.332
122900 470.199
123000 471
123100 471.688
123200 472.258
123300 472.721
123400 473.061
123500 473.251
123600 473.347
123700 473.472
123800 473.67
123900 473.915
124000 474.277
124100 474.872
124200 475.66
124300 476.481
124400 477.154
124500 477.485
124600 477.473
124700 477.361
124800 477.312
124900 477.34
125000 477.484
125100 477.76
125200 478.118
125300 478.544
125400 479.06
125500 479.575
125600 479.966
125700 480.385
125800 481.133
125900 482.263
126000 483.436
126100 484.314
126200 484.956
126300 485.49
126400 485.922
126500 486.222
126600 486.477
126700 486.868
126800 487.427
126900 488.034
127000 488.562
127100 488.969
127200 489.372
127300 489.93
127400 490.68
127500 491.467
127600 492.121
127700 492.656
127800 493.169
127900 493.689
128000 494.149
128100 494.5
128200 494.713
128300 494.788
128400 494.854
128500 495.042
128600 495.405
128700 495.953
128800 496.585
128900 497.159
129000 497.64
129100 498.135
129200 498.731
129300 499.398
129400 500.155
129500 501.085
129600 502.189
129700 503.214
129800 503.91
129900 504.316
130000 504.628
130100 505.029
130200 505.578
130300 506.235
130400 506.944
130500 507.624
130600 508.2
130700 508.683
130800 509.177
130900 509.716
131000 510.225
131100 510.687
131200 511.124
131300 511.495
131400 511.731
131500 511.87
131600 512.038
131700 512.361
131800 512.869
131900 513.428
132000 513.915
132100 514.329
132200 514.703
132300 515.008
132400 515.193
132500 515.312
132600 515.458
132700 515.614
132800 515.759
132900 515.949
133000 516.26
133100 516.731
133200 517.289
133300 517.905
133400 518.555
133500 519.135
133600 519.493
133700 519.604
133800 519.708
133900 520.11
134000 520.941
134100 522.121
134200 523.372
134300 524.462
134400 525.286
134500 525.782
134600 525.995
134700 526.207
134800 526.656
134900 527.327
135000 528.031
135100 528.638
135200 529.141
135300 529.555
135400 529.881
135500 530.178
135600 530.531
135700 530.918
135800 531.248
135900 531.441
136000 531.494
136100 531.528
136200 531.674
136300 531.934
136400 532.25
136500 532.633
136600 533.104
136700 533.64
136800 534.203
136900 534.717
137000 535.192
137100 535.743
137200 536.425
137300 537.227
137400 538.069
137500 538.818
137600 539.38
137700 539.784
137800 540.117
137900 540.368
138000 540.504
138100 540.623
138200 540.931
138300 541.5
138400 542.266
138500 543.113
138600 543.954
138700 544.697
138800 545.25
138900 545.69
139000 546.222
139100 547.043
139200 548.243
139300 549.721
139400 551.124
139500 552.246
139600 553.112
139700 553.741
139800 554.187
139900 554.642
140000 555.241
140100 555.924
140200 556.552
140300 557.049
140400 557.411
140500 557.733
140600 558.195
140700 558.815
140800 559.539
140900 560.383
141000 561.271
141100 562.054
141200 562.688
141300 563.232
141400 563.787
141500 564.423
141600 565.181
141700 566.04
141800 566.898
141900 567.701
142000 568.427
142100 569.029
142200 569.559
142300 570.091
142400 570.664
142500 571.31
142600 571.953
142700 572.365
142800 572.434
142900 572.317
143000 572.345
143100 572.709
143200 573.277
143300 573.812
143400 574.183
143500 574.367
143600 574.405
143700 574.487
143800 574.808
143900 575.389
144000 576.03
144100 576.497
144200 576.796
144300 577.18
144400 577.817
144500 578.6
144600 579.341
144700 579.941
144800 580.421
144900 580.916
145000 581.629
145100 582.587
145200 583.652
145300 584.637
145400 585.406
145500 585.983
145600 586.426
145700 586.702
145800 586.821
145900 586.772
146000 586.651
146100 586.634
146200 586.804
146300 587.174
146400 587.712
146500 588.381
146600 589.188
146700 590.027
146800 590.636
146900 590.864
147000 590.82
147100 590.734
147200 590.73
147300 590.808
147400 591.014
147500 591.462
147600 592.157
147700 593.012
147800 593.855
147900 594.606
148000 595.316
148100 596.104
148200 597.012
148300 597.919
148400 598.635
148500 599.124
148600 599.491
148700 599.829
148800 600.241
148900 600.801
149000 601.505
149100 602.247
149200 602.924
149300 603.585
149400 604.286
149500 605.023
149600 605.803
149700 606.666
149800 607.555
149900 608.406
150000 609.213
150100 609.955
150200 610.527
150300 610.874
150400 611.081
150500 611.243
150600 611.443
150700 611.87
150800 612.66
150900 613.582
151000 614.352
151100 614.874
151200 615.226
151300 615.457
151400 615.622
151500 615.873
151600 616.317
151700 616.845
151800 617.286
151900 617.601
152000 617.792
152100 617.88
152200 618.061
152300 618.521
152400 619.063
152500 619.415
152600 619.666
152700 620.03
152800 620.497
152900 620.923
153000 621.347
153100 622.051
153200 623.191
153300 624.547
153400 625.656
153500 626.294
153600 626.476
153700 626.437
153800 626.509
153900 626.935
154000 627.681
154100 628.577
154200 629.428
154300 630.144
154400 630.687
154500 630.993
154600 631.15
154700 631.317
154800 631.571
154900 631.899
155000 632.294
155100 632.791
155200 633.336
155300 633.942
155400 634.601
155500 635.174
155600 635.56
155700 635.84
155800 636.151
155900 636.55
156000 637.073
156100 637.774
156200 638.571
156300 639.3
156400 639.926
156500 640.588
156600 641.352
156700 642.079
156800 642.679
156900 643.197
157000 643.677
157100 644.117
157200 644.6
157300 645.256
157400 646.066
157500 646.889
157600 647.59
157700 648.159
157800 648.669
157900 649.146
158000 649.561
158100 649.887
158200 650.128
158300 650.332
158400 650.635
158500 651.232
158600 652.128
158700 653.056
158800 653.761
158900 654.17
159000 654.246
159100 654.144
159200 654.125
159300 654.394
159400 655.076
159500 656.163
159600 657.451
159700 658.69
159800 659.712
159900 660.58
160000 661.446
160100 662.309
160200 663.145
160300 663.914
160400 664.574
160500 665.019
160600 665.246
160700 665.421
160800 665.749
160900 666.262
161000 666.863
161100 667.422
161200 667.865
161300 668.247
161400 668.691
161500 669.324
161600 670.223
161700 671.244
161800 672.065
161900 672.595
162000 672.925
162100 673.188
162200 673.56
162300 674.106
162400 674.815
162500 675.609
162600 676.425
162700 677.187
162800 677.75
162900 678.082
163000 678.224
163100 678.286
163200 678.442
163300 678.787
163400 679.259
163500 679.706
163600 680.028
163700 680.24
163800 680.472
163900 680.75
164000 681.018
164100 681.298
164200 681.713
164300 682.302
164400 683.026
164500 683.823
164600 684.594
164700 685.22
164800 685.673
164900 686.068
165000 686.554
165100 687.127
165200 687.615
165300 687.88
165400 687.822
165500 687.481
165600 687.042
165700 686.739
165800 686.788
165900 687.309
166000 688.296
166100 689.555
166200 690.897
166300 692.218
166400 693.416
166500 694.4
166600 695.198
166700 695.938
166800 696.815
166900 697.895
167000 699.055
167100 700.118
167200 701.008
167300 701.807
167400 702.594
167500 703.345
167600 703.984
167700 704.4
167800 704.571
167900 704.622
168000 704.736
168100 705.134
168200 705.974
168300 707.116
168400 708.288
168500 709.246
168600 709.958
168700 710.571
168800 711.286
168900 712.249
169000 713.477
169100 714.797
169200 715.83
169300 716.392
169400 716.534
169500 716.391
169600 716.138
169700 716.091
169800 716.496
169900 717.231
170000 718.043
170100 718.848
170200 719.59
170300 720.163
170400 720.516
170500 720.711
170600 720.944
170700 721.378
170800 722.055
170900 722.965
171000 724.062
171100 725.178
171200 726.176
171300 727.03
171400 727.791
171500 728.523
171600 729.281
171700 730.109
171800 730.945
171900 731.723
172000 732.516
172100 733.393
172200 734.313
172300 735.159
172400 735.895
172500 736.685
172600 737.609
172700 738.569
172800 739.565
172900 740.582
173000 741.515
173100 742.351
173200 743.217
173300 744.257
173400 745.417
173500 746.524
173600 747.485
173700 748.262
173800 748.911
173900 749.465
174000 749.862
174100 750.108
174200 750.336
174300 750.672
174400 751.067
174500 751.366
174600 751.606
174700 752.038
174800 752.801
174900 753.727
175000 754.625
175100 755.447
175200 756.229
175300 757.05
175400 758.007
175500 759.08
175600 760.19
175700 761.332
175800 762.451
175900 763.41
176000 764.085
176100 764.527
176200 764.94
176300 765.439
176400 765.999
176500 766.618
176600 767.337
176700 768.103
176800 768.862
176900 769.589
177000 770.181
177100 770.559
177200 770.823
177300 771.145
177400 771.68
177500 772.566
177600 773.926
177700 775.651
177800 777.435
177900 779.186
178000 780.817
178100 782.241
178200 783.306
178300 784.024
178400 784.599
178500 785.202
178600 785.862
178700 786.564
178800 787.328
178900 788.172
179000 789.063
179100 789.871
179200 790.523
179300 791.048
179400 791.56
179500 792.119
179600 792.632
179700 793.038
179800 793.357
179900 793.671
180000 794.098
180100 794.784
180200 795.844
180300 797.24
180400 798.761
180500 800.139
180600 801.182
180700 801.733
180800 801.908
180900 801.963
181000 802.02
181100 802.04
181200 802.002
181300 801.984
181400 802.035
181500 802.113
181600 802.225
181700 802.527
181800 803.173
181900 804.147
182000 805.267
182100 806.302
182200 807.185
182300 807.938
182400 808.513
182500 808.977
182600 809.504
182700 810.259
182800 811.276
182900 812.402
183000 813.356
183100 813.97
183200 814.297
183300 814.477
183400 814.737
183500 815.333
183600 816.31
183700 817.511
183800 818.724
183900 819.839
184000 820.85
184100 821.774
184200 822.53
184300 823.024
184400 823.326
184500 823.602
184600 823.952
184700 824.309
184800 824.598
184900 824.914
185000 825.362
185100 825.879
185200 826.328
185300 826.774
185400 827.395
185500 828.292
185600 829.426
185700 830.657
185800 831.861
185900 832.995
186000 834.07
186100 835.056
186200 835.989
186300 836.906
186400 837.831
186500 838.783
186600 839.859
186700 841.153
186800 842.595
186900 843.996
187000 845.195
187100 845.987
187200 846.249
187300 846.217
187400 846.309
187500 846.729
187600 847.336
187700 847.952
187800 848.584
187900 849.338
188000 850.135
188100 850.794
188200 851.359
188300 852
188400 852.726
188500 853.411
188600 854.035
188700 854.686
188800 855.348
188900 855.918
189000 856.448
189100 857.039
189200 857.719
189300 858.473
189400 859.364
189500 860.444
189600 861.698
189700 863.015
189800 864.315
189900 865.516
190000 866.64
190100 867.789
190200 869.049
190300 870.308
190400 871.439
190500 872.479
190600 873.53
190700 874.62
190800 875.706
190900 876.679
191000 877.473
191100 878.198
191200 878.934
191300 879.692
191400 880.513
191500 881.383
191600 882.171
191700 882.738
191800 883.068
191900 883.276
192000 883.545
192100 884.062
192200 884.892
192300 886.012
192400 887.248
192500 888.351
192600 889.212
192700 889.825
192800 890.252
192900 890.742
193000 891.618
193100 892.895
193200 894.318
193300 895.639
193400 896.781
193500 897.709
193600 898.414
193700 898.978
193800 899.48
193900 899.928
194000 900.349
194100 900.887
194200 901.682
194300 902.719
194400 903.856
194500 904.93
194600 905.84
194700 906.513
194800 906.981
194900 907.45
195000 908.093
195100 908.893
195200 909.644
195300 910.185
195400 910.648
195500 911.17
195600 911.633
195700 911.986
195800 912.407
195900 913.058
196000 913.939
196100 914.939
196200 915.965
196300 916.891
196400 917.666
196500 918.328
196600 918.818
196700 918.991
196800 918.833
196900 918.506
197000 918.235
197100 918.183
197200 918.363
197300 918.64
197400 918.939
197500 919.403
197600 920.141
197700 921.003
197800 921.788
197900 922.42
198000 922.947
198100 923.472
198200 923.989
198300 924.458
198400 924.868
198500 925.198
198600 925.477
198700 925.864
198800 926.559
198900 927.553
199000 928.631
199100 929.455
199200 929.935
199300 930.276
199400 930.72
199500 931.353
199600 932.084
199700 932.756
199800 933.211
199900 933.33
200000 933.166
200100 932.911
200200 932.78
200300 932.835
200400 933.047
200500 933.411
200600 933.926
200700 934.607
200800 935.523
200900 936.682
201000 937.903
201100 938.958
201200 939.681
201300 940.083
201400 940.275
201500 940.426
201600 940.774
201700 941.472
201800 942.417
201900 943.378
202000 944.29
202100 945.192
202200 946.081
202300 946.905
202400 947.623
202500 948.174
202600 948.545
202700 948.875
202800 949.299
202900 949.815
203000 950.421
203100 951.153
203200 952.014
203300 952.992
203400 954.032
203500 955.069
203600 956.074
203700 957.008
203800 957.758
203900 958.295
204000 958.727
204100 959.122
204200 959.499
204300 959.92
204400 960.417
204500 960.918
204600 961.359
204700 961.866
204800 962.607
204900 963.511
205000 964.292
205100 964.865
205200 965.316
205300 965.731
205400 966.115
205500 966.431
205600 966.721
205700 967.142
205800 967.874
205900 968.946
206000 970.086
206100 971.036
206200 971.735
206300 972.257
206400 972.69
206500 973.123
206600 973.615
206700 974.175
206800 974.773
206900 975.362
207000 975.992
207100 976.781
207200 977.783
207300 978.927
207400 980.192
207500 981.575
207600 983.028
207700 984.421
207800 985.652
207900 986.757
208000 987.849
208100 988.969
208200 990.144
208300 991.48
208400 992.998
208500 994.494
208600 995.729
208700 996.61
208800 997.122
208900 997.371
209000 997.596
209100 997.94
209200 998.315
209300 998.653
209400 999.01
209500 999.464
209600 1000.03
209700 1000.67
209800 1001.33
209900 1001.97
210000 1002.62
210100 1003.31
210200 1004.02
210300 1004.73
210400 1005.44
210500 1006.12
210600 1006.71
210700 1007.22
210800 1007.77
210900 1008.48
211000 1009.3
211100 1010.08
211200 1010.64
211300 1011.01
211400 1011.38
211500 1011.81
211600 1012.25
211700 1012.67
211800 1013.16
211900 1013.73
212000 1014.2
212100 1014.49
212200 1014.68
212300 1014.98
212400 1015.48
212500 1016.02
212600 1016.42
212700 1016.73
212800 1017.12
212900 1017.73
213000 1018.53
213100 1019.47
213200 1020.51
213300 1021.56
213400 1022.54
213500 1023.44
213600 1024.27
213700 1025.07
213800 1025.79
213900 1026.36
214000 1026.84
214100 1027.47
214200 1028.57
214300 1030.15
214400 1031.98
214500 1033.83
214600 1035.48
214700 1036.72
214800 1037.54
214900 1038.1
215000 1038.59
215100 1039.27
215200 1040.3
215300 1041.55
215400 1042.78
215500 1043.86
215600 1044.83
215700 1045.78
215800 1046.83
215900 1048.01
216000 1049.21
216100 1050.27
216200 1050.97
216300 1051.19
216400 1051.08
216500 1050.91
216600 1050.82
216700 1050.9
216800 1051.3
216900 1052.04
217000 1053.05
217100 1054.16
217200 1055.21
217300 1056.12
217400 1056.93
217500 1057.63
217600 1058.22
217700 1058.8
217800 1059.5
217900 1060.31
218000 1061.09
218100 1061.88
218200 1062.89
218300 1064.16
218400 1065.5
218500 1066.61
218600 1067.41
218700 1068.08
218800 1068.8
218900 1069.61
219000 1070.34
219100 1070.89
219200 1071.42
219300 1072.08
219400 1072.9
219500 1073.79
219600 1074.62
219700 1075.4
219800 1076.25
219900 1077.11
220000 1077.9
220100 1078.67
220200 1079.38
220300 1079.81
220400 1079.9
220500 1079.88
220600 1079.94
220700 1079.99
220800 1079.96
220900 1079.97
221000 1080.18
221100 1080.76
221200 1081.76
221300 1082.96
221400 1084.11
221500 1085.12
221600 1086
221700 1086.8
221800 1087.63
221900 1088.54
222000 1089.56
222100 1090.71
222200 1091.84
222300 1092.64
222400 1092.94
222500 1092.86
222600 1092.71
222700 1092.75
222800 1093.05
222900 1093.49
223000 1093.91
223100 1094.24
223200 1094.55
223300 1094.87
223400 1095.27
223500 1095.86
223600 1096.69
223700 1097.61
223800 1098.45
223900 1099.15
224000 1099.6
224100 1099.79
224200 1099.87
224300 1099.99
224400 1100.16
224500 1100.23
224600 1100.18
224700 1100.1
224800 1100.05
224900 1100.14
225000 1100.58
225100 1101.44
225200 1102.53
225300 1103.55
225400 1104.26
225500 1104.7
225600 1105.02
225700 1105.4
225800 1105.97
225900 1106.75
226000 1107.57
226100 1108.32
226200 1109.02
226300 1109.79
226400 1110.66
226500 1111.53
226600 1112.39
226700 1113.37
226800 1114.59
226900 1115.91
227000 1117.07
227100 1117.8
227200 1118.07
227300 1118.03
227400 1118.05
227500 1118.39
227600 1118.98
227700 1119.73
227800 1120.59
227900 1121.49
228000 1122.49
228100 1123.56
228200 1124.59
228300 1125.58
228400 1126.62
228500 1127.68
228600 1128.7
228700 1129.6
228800 1130.34
228900 1130.83
229000 1131.2
229100 1131.7
229200 1132.42
229300 1133.26
229400 1134.08
229500 1134.89
229600 1135.73
229700 1136.65
229800 1137.64
229900 1138.66
230000 1139.74
230100 1140.89
230200 1142.08
230300 1143.22
230400 1144.28
230500 1145.15
230600 1145.73
230700 1146.09
230800 1146.49
230900 1147.18
231000 1148.22
231100 1149.41
231200 1150.53
231300 1151.45
231400 1152.04
231500 1152.33
231600 1152.47
231700 1152.61
231800 1152.73
231900 1152.86
232000 1153.14
232100 1153.5
232200 1153.84
232300 1154.32
232400 1155.08
232500 1156.08
232600 1157.3
232700 1158.73
232800 1160.25
232900 1161.59
233000 1162.47
233100 1162.89
233200 1163.02
233300 1163.02
233400 1163.11
233500 1163.46
233600 1164.03
233700 1164.69
233800 1165.33
233900 1165.95
234000 1166.64
234100 1167.54
234200 1168.78
234300 1170.36
234400 1172.19
234500 1174.11
234600 1175.94
234700 1177.49
234800 1178.59
234900 1179.32
235000 1179.88
235100 1180.48
235200 1181.23
235300 1182.11
235400 1183.09
235500 1183.97
235600 1184.59
235700 1184.97
235800 1185.36
235900 1185.97
236000 1186.88
236100 1187.99
236200 1189.18
236300 1190.23
236400 1190.93
236500 1191.32
236600 1191.55
236700 1191.85
236800 1192.37
236900 1193.08
237000 1193.89
237100 1194.77
237200 1195.69
237300 1196.53
237400 1197.19
237500 1197.69
237600 1198.12
237700 1198.58
237800 1199.09
237900 1199.67
238000 1200.25
238100 1200.77
238200 1201.25
238300 1201.77
238400 1202.42
238500 1203.25
238600 1204.28
238700 1205.44
238800 1206.61
238900 1207.69
239000 1208.56
239100 1209.26
239200 1209.93
239300 1210.63
239400 1211.32
239500 1211.97
239600 1212.6
239700 1213.14
239800 1213.58
239900 1214.05
240000 1214.7
240100 1215.51
240200 1216.4
240300 1217.18
240400 1217.75
240500 1218.18
240600 1218.62
240700 1219.12
240800 1219.68
240900 1220.27
241000 1220.85
241100 1221.53
241200 1222.39
241300 1223.36
241400 1224.29
241500 1225.11
241600 1225.89
241700 1226.61
241800 1227.11
241900 1227.33
242000 1227.43
242100 1227.65
242200 1228.05
242300 1228.5
242400 1228.99
242500 1229.56
242600 1230.27
242700 1231.18
242800 1232.37
242900 1233.86
243000 1235.54
243100 1237.21
243200 1238.73
243300 1239.94
243400 1240.77
243500 1241.33
243600 1241.87
243700 1242.57
243800 1243.5
243900 1244.78
244000 1246.44
244100 1248.33
244200 1250.14
244300 1251.66
244400 1252.93
244500 1253.99
244600 1254.94
244700 1255.99
244800 1257.22
244900 1258.53
245000 1259.77
245100 1260.83
245200 1261.73
245300 1262.54
245400 1263.38
245500 1264.31
245600 1265.37
245700 1266.51
245800 1267.64
245900 1268.72
246000 1269.63
246100 1270.17
246200 1270.3
246300 1270.21
246400 1270
246500 1269.76
246600 1269.66
246700 1269.89
246800 1270.47
246900 1271.33
247000 1272.33
247100 1273.27
247200 1273.92
247300 1274.19
247400 1274.2
247500 1274.16
247600 1274.29
247700 1274.78
247800 1275.68
247900 1276.76
248000 1277.72
248100 1278.34
248200 1278.59
248300 1278.77
248400 1279.21
248500 1279.88
248600 1280.51
248700 1280.99
248800 1281.47
248900 1282.05
249000 1282.64
249100 1283.18
249200 1283.7
249300 1284.3
249400 1285.01
249500 1285.79
249600 1286.62
249700 1287.38
249800 1287.92
249900 1288.26
250000 1288.59
