# Time-averaged data for fix 5
# TimeStep c_t c_pp c_en
500 0.38754 0.676286 1367.09
1000 0.404102 0.66821 1416.93
1500 0.402512 0.666885 1413.63
2000 0.402044 0.663724 1412.66
2500 0.398219 0.666524 1412.36
3000 0.396197 0.662487 1426.03
3500 0.39145 0.663324 1419.95
4000 0.401703 0.661977 1411.42
4500 0.412812 0.662433 1410.47
5000 0.398134 0.661503 1393.87
5500 0.403637 0.660763 1399.4
6000 0.398545 0.664786 1393.29
6500 0.39973 0.654095 1405.03
7000 0.400653 0.651999 1403.88
7500 0.399537 0.650398 1401.61
8000 0.399575 0.651574 1392.93
8500 0.399584 0.648213 1378.02
9000 0.399103 0.641535 1383.7
9500 0.404684 0.641825 1377.37
10000 0.398181 0.641912 1369.38
10500 0.393748 0.642488 1365.53
11000 0.396578 0.637538 1351.42
11500 0.398506 0.633958 1355.57
12000 0.395912 0.631504 1354.95
12500 0.396992 0.629209 1345.07
13000 0.393277 0.621874 1340.88
13500 0.400855 0.623407 1333.72
14000 0.399922 0.618234 1335.61
14500 0.395295 0.613718 1331.86
15000 0.396549 0.607782 1332.73
15500 0.405111 0.614598 1313.17
16000 0.398604 0.607254 1311.63
16500 0.399571 0.609337 1314.18
17000 0.402484 0.599772 1305.49
17500 0.39847 0.596075 1295.84
18000 0.403649 0.591578 1289.37
18500 0.398355 0.587536 1288.64
19000 0.409194 0.584628 1274.41
19500 0.404061 0.577918 1285.46
20000 0.4048 0.578233 1266.32
20500 0.398513 0.576063 1252.54
21000 0.399662 0.573695 1239.55
21500 0.397595 0.566995 1236.92
22000 0.406197 0.566671 1227.73
22500 0.395252 0.560352 1217.76
23000 0.403713 0.554722 1216.8
23500 0.405417 0.550542 1222.44
24000 0.391515 0.548191 1212.05
24500 0.403509 0.546883 1202.75
25000 0.40418 0.545225 1192.01
25500 0.406775 0.540746 1191.15
26000 0.399118 0.537456 1184.06
26500 0.39789 0.535195 1168.01
27000 0.401274 0.529532 1167.38
27500 0.409513 0.527259 1154.79
28000 0.405467 0.527043 1148.95
28500 0.397937 0.52236 1137.55
29000 0.396029 0.518057 1139.22
29500 0.401244 0.511947 1144.78
30000 0.397103 0.512007 1131.66
30500 0.400756 0.506626 1126.69
31000 0.395234 0.506702 1119.51
31500 0.402208 0.50326 1112.27
32000 0.393899 0.495861 1120.44
32500 0.404203 0.498496 1116.29
33000 0.39469 0.49341 1101.92
33500 0.404351 0.495013 1082.26
34000 0.395417 0.488568 1090.05
34500 0.404705 0.488042 1085.11
35000 0.400885 0.485574 1075.22
35500 0.391517 0.479814 1077.3
36000 0.397549 0.479978 1063.59
36500 0.402078 0.481286 1058.12
37000 0.392277 0.473768 1062.27
37500 0.396312 0.472935 1050.57
38000 0.402999 0.468777 1048.66
38500 0.396831 0.468202 1048.09
39000 0.404358 0.462036 1040.08
39500 0.398614 0.46332 1030.17
40000 0.402486 0.460909 1033.18
40500 0.391857 0.456205 1030.55
41000 0.397078 0.454122 1023.17
41500 0.403228 0.452628 1026.65
42000 0.39474 0.449633 1011.59
42500 0.399142 0.44733 1012.35
43000 0.402115 0.446802 1002.79
43500 0.400518 0.444843 997.883
44000 0.39552 0.441556 998.581
44500 0.400041 0.437237 989.639
45000 0.400491 0.435132 985.462
45500 0.401252 0.431408 975.629
46000 0.403892 0.428691 977.981
46500 0.399002 0.428043 966.91
47000 0.407675 0.429048 968.819
47500 0.39825 0.425366 964.507
48000 0.403832 0.423077 969.961
48500 0.396315 0.420826 953.406
49000 0.395695 0.415163 947.154
49500 0.412461 0.417287 939.737
50000 0.389297 0.41044 944.9
50500 0.400987 0.410527 926.624
51000 0.400401 0.40908 931.754
51500 0.398541 0.410105 930.534
52000 0.398993 0.403877 919.709
52500 0.400056 0.404972 905.767
53000 0.403769 0.403023 911.037
53500 0.392973 0.397843 916.145
54000 0.402334 0.395319 913.897
54500 0.401335 0.39597 905.532
55000 0.397227 0.39036 902.915
55500 0.401803 0.388288 914.983
56000 0.396737 0.38813 899.464
56500 0.397023 0.384668 872.962
57000 0.404811 0.383846 879.418
57500 0.400731 0.38131 881.295
58000 0.40095 0.381068 871.89
58500 0.397568 0.377552 876.685
59000 0.39789 0.379506 865.685
59500 0.406236 0.376594 869.029
60000 0.39744 0.370266 861.368
60500 0.401422 0.370674 852.216
61000 0.397294 0.367743 857.574
61500 0.402405 0.36562 844.053
62000 0.398784 0.366456 832.221
62500 0.410496 0.365909 848.304
63000 0.397644 0.359971 828.511
63500 0.407295 0.359728 828.312
64000 0.391786 0.356761 820.241
64500 0.399448 0.352857 825.158
65000 0.404422 0.353592 823.312
65500 0.399753 0.351596 827.56
66000 0.408051 0.350931 827.258
66500 0.397785 0.347268 813.989
67000 0.397734 0.348061 807.506
67500 0.401614 0.345328 801.137
68000 0.401573 0.342944 801.17
68500 0.40115 0.341766 802.658
69000 0.397763 0.340326 806.616
69500 0.395839 0.33948 797.698
70000 0.405014 0.336758 785.071
70500 0.402927 0.332221 779.969
71000 0.398223 0.332485 778.78
71500 0.405275 0.329793 774.669
72000 0.394813 0.329373 774.786
72500 0.39867 0.329061 765.138
73000 0.400451 0.328932 777.751
73500 0.398497 0.326839 755.398
74000 0.401092 0.326197 766.547
74500 0.396538 0.323063 755.968
75000 0.401577 0.322374 754.32
75500 0.402191 0.32024 754.083
76000 0.402819 0.317567 759.422
76500 0.402379 0.316142 735.454
77000 0.398524 0.315267 741.483
77500 0.401652 0.315783 749.007
78000 0.395747 0.312506 738.985
78500 0.396232 0.31107 741.721
79000 0.400783 0.31023 737.077
79500 0.398769 0.307495 726.095
80000 0.396497 0.305683 719.169
80500 0.409418 0.307475 720.542
81000 0.395897 0.306374 731.546
81500 0.403154 0.303667 717.06
82000 0.396069 0.302135 716.264
82500 0.404135 0.301723 720.577
83000 0.395237 0.298803 719.253
83500 0.403141 0.296947 706.272
84000 0.401497 0.295622 697.374
84500 0.394615 0.29707 714.411
85000 0.404867 0.2933 697.272
85500 0.398108 0.293348 702.554
86000 0.398718 0.294893 696.267
86500 0.394915 0.290357 702.853
87000 0.400504 0.290982 692.671
87500 0.391633 0.288672 699.647
88000 0.405926 0.286883 684.436
88500 0.39929 0.286637 684.795
89000 0.392544 0.284303 675.566
89500 0.39986 0.284096 677.327
90000 0.395336 0.282096 676.642
90500 0.398173 0.281585 678.776
91000 0.399929 0.282358 673.942
91500 0.390996 0.279807 670.734
92000 0.396778 0.276974 665.239
92500 0.396703 0.279466 670.449
93000 0.401271 0.275425 662.465
93500 0.394633 0.275335 666.538
94000 0.398951 0.274285 664.005
94500 0.398219 0.272001 665.217
95000 0.401949 0.272354 658.513
95500 0.398835 0.268868 647.821
96000 0.400406 0.270584 654.78
96500 0.399784 0.266283 645.713
97000 0.399224 0.26745 644.456
97500 0.398564 0.268349 651.383
98000 0.403974 0.266626 650.471
98500 0.400349 0.264151 636.652
99000 0.398008 0.262897 641.875
99500 0.397972 0.261533 626.355
100000 0.404744 0.263565 636.834
100500 0.397513 0.259637 631.054
101000 0.406161 0.25764 630.985
101500 0.394206 0.258088 631.634
102000 0.406547 0.256821 618.567
102500 0.398191 0.253361 616.399
103000 0.400875 0.256333 629.54
103500 0.395752 0.252285 625.936
104000 0.404925 0.25213 627.046
104500 0.403963 0.252592 614.609
105000 0.397564 0.251317 618.441
105500 0.40204 0.249099 604.054
106000 0.402723 0.24817 594.798
106500 0.398679 0.247418 608.032
107000 0.403193 0.246843 599.856
107500 0.39386 0.245346 588.736
108000 0.404909 0.245031 596.003
108500 0.401163 0.244372 593.146
109000 0.401859 0.243679 602.481
109500 0.401876 0.243886 596.33
110000 0.393938 0.240571 586.832
110500 0.399506 0.241019 595.569
111000 0.406208 0.239453 593.859
111500 0.403979 0.238728 587.612
112000 0.401004 0.237441 578.052
112500 0.391555 0.23656 591.322
113000 0.402249 0.236239 580.985
113500 0.391388 0.233817 572.933
114000 0.39528 0.234885 579.235
114500 0.401415 0.235347 570.023
115000 0.393008 0.232876 568.828
115500 0.400959 0.230174 569.866
116000 0.398749 0.230768 570.237
116500 0.39937 0.228746 571.197
117000 0.393602 0.227464 562.373
117500 0.401618 0.228976 560.854
118000 0.405568 0.227905 563.98
118500 0.398722 0.227245 557.887
119000 0.396175 0.225714 557.401
119500 0.406186 0.225019 560.007
120000 0.400564 0.223915 555.232
120500 0.403474 0.223783 554.562
121000 0.394947 0.222421 556.382
121500 0.398697 0.220337 545.726
122000 0.39519 0.221284 548.824
122500 0.400714 0.218794 546.896
123000 0.40041 0.219025 545.277
123500 0.398428 0.219155 541.268
124000 0.398218 0.218286 542.396
124500 0.40444 0.216592 542.252
125000 0.394152 0.216821 539.984
125500 0.403433 0.215199 534.154
126000 0.402572 0.214591 535.134
126500 0.399669 0.215722 542.291
127000 0.398691 0.21384 547.157
127500 0.399473 0.21262 533.842
128000 0.405127 0.212874 529.301
128500 0.396344 0.211243 536.914
129000 0.401021 0.21201 546.868
129500 0.404836 0.210427 532.992
130000 0.400802 0.209158 526.333
130500 0.398462 0.206828 523.711
131000 0.399525 0.207315 512.839
131500 0.396532 0.205728 510.682
132000 0.399655 0.207971 515.686
132500 0.399114 0.205733 521.483
133000 0.404937 0.206496 519.147
133500 0.397575 0.204551 516.606
134000 0.405148 0.203389 507.555
134500 0.399644 0.203663 515.766
135000 0.39726 0.201323 501.59
135500 0.398019 0.199909 510.315
136000 0.404153 0.200992 507.527
136500 0.39123 0.198601 507.352
137000 0.399734 0.198277 503.225
137500 0.39571 0.198626 504.933
138000 0.406778 0.198359 506.455
138500 0.393833 0.197996 509.867
139000 0.401826 0.194873 481.285
139500 0.39371 0.194829 499.971
140000 0.3962 0.193159 483.524
140500 0.40841 0.192636 483.029
141000 0.399896 0.193479 483.485
141500 0.400221 0.191995 484.291
142000 0.402027 0.191476 479.398
142500 0.404652 0.189775 481.134
143000 0.394782 0.189653 482.962
143500 0.407409 0.191892 492.139
144000 0.400288 0.189167 485.675
144500 0.400612 0.190225 488.125
145000 0.392961 0.186736 472.653
145500 0.401101 0.18781 477.014
146000 0.395428 0.187431 488.842
146500 0.400009 0.18771 486.235
147000 0.401725 0.183935 464.469
147500 0.396139 0.184852 467.945
148000 0.399489 0.18472 470.02
148500 0.399168 0.18487 472.384
149000 0.403398 0.184327 471.705
149500 0.404654 0.182182 460.418
150000 0.400852 0.183188 464.513
150500 0.399859 0.181666 466.797
151000 0.407567 0.18031 460.417
151500 0.40469 0.180128 455.734
152000 0.400979 0.178792 455.346
152500 0.395481 0.179208 461.98
153000 0.4056 0.177654 452.073
153500 0.396459 0.176323 449.483
154000 0.405096 0.17715 445.628
154500 0.400822 0.176321 445.681
155000 0.406321 0.176766 447.168
155500 0.398982 0.174687 457.791
156000 0.399402 0.175576 456.99
156500 0.391756 0.173733 440.934
157000 0.400902 0.172923 439.614
157500 0.403293 0.172706 439.172
158000 0.402989 0.173889 450.615
158500 0.400046 0.172764 450.447
159000 0.39628 0.172292 456.733
159500 0.400146 0.171233 448.344
160000 0.40011 0.170028 446.084
160500 0.405185 0.169831 436.694
161000 0.405821 0.170043 439.069
161500 0.392867 0.166712 422.842
162000 0.397969 0.167632 428.535
162500 0.406111 0.167284 425.203
163000 0.406001 0.166423 423.445
163500 0.403753 0.167268 434.05
164000 0.405027 0.16752 428.731
164500 0.397707 0.166129 433.832
165000 0.398136 0.164647 436.749
165500 0.40068 0.16458 423.713
166000 0.396612 0.164388 430.377
166500 0.403056 0.163693 427.579
167000 0.399681 0.162492 419.163
167500 0.40069 0.161412 417.7
168000 0.399824 0.162391 425.987
168500 0.392518 0.160948 415.78
169000 0.401822 0.161651 419.042
169500 0.392629 0.160541 424.011
170000 0.396527 0.158853 415.496
170500 0.40569 0.160297 420.452
171000 0.404415 0.160901 424.879
171500 0.394106 0.158747 411.698
172000 0.397845 0.157225 408.962
172500 0.403586 0.157937 418.552
173000 0.400889 0.15686 409.623
173500 0.403315 0.156874 414.114
174000 0.400026 0.157695 419.203
174500 0.404214 0.156535 417.105
175000 0.397342 0.155088 412.178
175500 0.402848 0.153045 393.921
176000 0.401792 0.154116 402.807
176500 0.394348 0.152791 395.469
177000 0.395378 0.153423 406.134
177500 0.404081 0.153536 399.887
178000 0.394185 0.150094 391.268
178500 0.399117 0.153085 412.623
179000 0.401697 0.151854 400.424
179500 0.400928 0.150895 397.189
180000 0.39491 0.149297 393.903
180500 0.399836 0.150419 397.076
181000 0.400664 0.149166 393.722
181500 0.392154 0.148 390.997
182000 0.39876 0.149688 395.242
182500 0.392205 0.148107 391.842
183000 0.403793 0.147036 381.981
183500 0.39836 0.148522 396.014
184000 0.393621 0.145356 381.213
184500 0.398721 0.145709 387.471
185000 0.400518 0.146989 387.624
185500 0.40912 0.145522 378.997
186000 0.401158 0.145374 387.826
186500 0.401979 0.143964 380.583
187000 0.39667 0.143569 380.524
187500 0.404329 0.144911 388.889
188000 0.391082 0.142491 379.786
188500 0.405834 0.144869 389.186
189000 0.394295 0.142171 378.497
189500 0.399936 0.141607 370.096
190000 0.404429 0.141263 371.311
190500 0.391978 0.141667 390.942
191000 0.398059 0.140423 372.914
191500 0.405997 0.141565 376.133
192000 0.396166 0.139818 377.556
192500 0.394151 0.139942 378.268
193000 0.394552 0.138801 371.018
193500 0.405529 0.139684 369.814
194000 0.398314 0.137681 363.13
194500 0.401118 0.137825 369.053
195000 0.395913 0.137337 368.235
195500 0.40218 0.136404 361.847
196000 0.400758 0.13669 368.27
196500 0.400241 0.136141 368.419
197000 0.39484 0.13551 361.395
197500 0.398558 0.136898 372.147
198000 0.394774 0.136201 366.362
198500 0.408416 0.135586 363.396
199000 0.395151 0.134274 361.44
199500 0.400247 0.133476 357.556
200000 0.396892 0.135435 375.252
200500 0.403793 0.134381 363.461
201000 0.408529 0.133169 351.976
201500 0.399492 0.13239 355.922
202000 0.39927 0.132184 360.541
202500 0.402015 0.132244 354.909
203000 0.397124 0.129907 349.311
203500 0.398222 0.131044 349.38
204000 0.400367 0.132069 361.155
204500 0.397793 0.12932 348.059
205000 0.400146 0.12992 349.009
205500 0.398892 0.130113 351.502
206000 0.408513 0.129389 345.349
206500 0.394845 0.12748 347.017
207000 0.401012 0.12794 343.484
207500 0.395947 0.128236 351.746
208000 0.398632 0.127904 349.039
208500 0.401069 0.126959 343.918
209000 0.400952 0.126521 338.276
209500 0.401987 0.126305 343.793
210000 0.401652 0.127517 344.963
210500 0.399188 0.12481 334.431
211000 0.398702 0.126117 341.551
211500 0.40041 0.126518 344.365
212000 0.39678 0.124979 338.924
212500 0.398991 0.12527 340.443
213000 0.395355 0.126243 351.137
213500 0.397926 0.122935 335.71
214000 0.405767 0.123307 333.454
214500 0.393969 0.122629 331.652
215000 0.394644 0.122182 328.764
215500 0.388018 0.12219 334.013
216000 0.401403 0.124022 339.806
216500 0.398532 0.122712 342.991
217000 0.401506 0.121127 332.64
217500 0.397417 0.121462 334.344
218000 0.400095 0.120512 326.48
218500 0.399508 0.120854 331.727
219000 0.393519 0.12045 327.398
219500 0.401209 0.118852 322.464
220000 0.397559 0.119221 323.372
220500 0.403183 0.120856 337.872
221000 0.40269 0.118934 326.9
221500 0.402523 0.118723 329.292
222000 0.401532 0.116942 319.432
222500 0.399461 0.11764 316.715
223000 0.395384 0.116829 317.756
223500 0.402241 0.117806 327.549
224000 0.401472 0.118548 327.259
224500 0.399449 0.118169 322.706
225000 0.397219 0.116613 314.952
225500 0.398242 0.116495 322.415
226000 0.398799 0.115048 316.443
226500 0.398759 0.115432 314.611
227000 0.394291 0.114898 313.798
227500 0.399227 0.114986 312.63
228000 0.399141 0.112833 306.577
228500 0.403785 0.114774 318.102
229000 0.399086 0.11373 321.635
229500 0.40159 0.113458 312.51
230000 0.401188 0.114091 316.444
230500 0.396767 0.114323 322.159
231000 0.412936 0.114355 317.418
231500 0.406838 0.112413 305.71
232000 0.396356 0.113191 311.554
232500 0.397757 0.11342 319.843
233000 0.402175 0.112319 313.468
233500 0.388193 0.108614 299.169
234000 0.404106 0.111059 308.948
234500 0.399527 0.110913 309.095
235000 0.403364 0.110706 304.358
235500 0.39683 0.11038 307.246
236000 0.404975 0.109604 302.721
236500 0.39921 0.10878 297.688
237000 0.398609 0.109678 305.02
237500 0.405636 0.109699 302.083
238000 0.39638 0.107695 296.825
238500 0.397561 0.109674 310.077
239000 0.400501 0.110106 311.823
239500 0.40267 0.109968 310.466
240000 0.398148 0.107886 301.341
240500 0.400542 0.106123 288.284
241000 0.401469 0.10607 291.099
241500 0.402815 0.105816 290.781
242000 0.395298 0.105908 295.106
242500 0.402888 0.106037 296.66
243000 0.392987 0.105526 296.953
243500 0.399176 0.105819 295.575
244000 0.408945 0.104279 285.085
244500 0.392565 0.103889 290.107
245000 0.401008 0.104401 287.964
245500 0.396446 0.103837 290.853
246000 0.402689 0.103891 288.096
246500 0.394847 0.102483 284.051
247000 0.404716 0.104223 293.429
247500 0.397984 0.103907 297.616
248000 0.398235 0.104481 293.243
248500 0.40031 0.103196 286.8
249000 0.40488 0.103641 295.352
249500 0.397415 0.102638 288.782
250000 0.405393 0.102888 289.375
